0.930
0.838
0.912
0.895
0.846
0.850
0.961
0.887
0.893
0.939
0.922
0.965
0.869
0.920
0.879
0.869
0.869
0.859
0.871
0.906
0.939
0.908
0.902
0.959
0.904
0.783
0.873
0.920
0.924
0.885
0.949
0.912
0.873
0.871
0.873
0.879
0.936
0.953
0.855
0.895
0.881
0.939
0.953
0.918
0.934
0.867
0.875
0.914
0.896
0.883
0.893
0.863
0.857
0.920
0.875
0.904
0.879
0.900
0.934
0.863
0.973
0.844
0.895
0.941
0.873
0.924
0.871
0.898
0.971
0.768
0.926
0.887
0.953
0.908
0.906
0.859
0.926
0.928
0.881
0.809
0.912
0.938
0.918
0.953
0.895
0.928
0.910
0.904
0.855
0.939
0.863
0.846
0.846
0.895
0.875
0.936
0.963
0.893
0.891
0.887
0.881
0.926
0.932
0.928
0.818
0.943
0.941
0.852
0.957
0.816
0.873
0.781
0.779
0.912
0.795
0.912
0.895
0.957
0.906
0.926
0.852
0.824
0.896
0.934
0.854
0.943
0.820
0.873
0.904
0.959
0.893
0.826
0.955
0.898
0.908
0.914
0.920
0.873
0.928
0.906
0.861
0.854
0.887
0.916
0.889
0.922
0.900
0.873
0.896
0.990
0.908
0.922
0.846
0.938
0.877
0.904
0.879
0.906
0.852
0.949
0.850
0.928
0.896
0.820
0.916
0.951
0.941
0.891
0.857
0.869
0.895
0.902
0.936
0.873
0.969
0.740
0.861
0.863
0.898
0.951
0.924
0.830
0.926
0.824
0.949
0.908
0.891
0.848
0.941
0.883
0.773
0.885
0.926
0.873
0.879
0.922
0.834
0.836
0.902
0.938
0.906
0.926
0.938
0.955
0.902
0.910
0.918
0.916
0.887
0.807
0.891
0.906
0.869
0.953
0.953
0.871
0.812
0.914
0.902
0.828
0.914
0.920
0.945
0.906
0.889
0.965
0.926
0.885
0.904
0.852
0.936
0.949
0.953
0.787
0.875
0.867
0.930
0.857
0.916
0.906
0.918
0.922
0.846
0.848
0.871
0.869
0.764
0.934
0.789
0.893
0.930
0.957
0.973
0.906
0.865
0.887
