0.812
0.957
0.928
0.914
0.852
0.973
0.795
0.926
0.959
0.930
0.967
0.969
0.842
0.906
0.848
0.855
0.936
0.924
0.779
0.949
0.908
0.777
0.932
0.900
0.920
0.900
0.877
0.939
0.932
0.959
0.971
0.859
0.900
0.955
0.957
0.893
0.947
0.846
0.912
0.971
0.801
0.908
0.936
0.910
0.883
0.939
0.797
0.922
0.914
0.947
0.930
0.953
0.963
0.971
0.834
0.977
0.830
0.967
0.957
0.928
0.938
0.980
0.863
0.941
0.904
0.955
0.947
0.967
0.826
0.967
0.963
0.955
0.961
0.951
0.975
0.945
0.918
0.881
0.922
0.928
0.990
0.979
0.936
0.955
0.928
0.836
0.967
0.930
0.975
0.939
0.926
0.912
0.969
0.930
0.855
0.938
0.953
0.975
0.957
0.885
0.906
0.895
0.932
0.967
0.816
0.922
0.947
0.914
0.855
0.877
0.920
0.910
0.936
0.889
0.799
0.836
0.908
0.889
0.951
0.924
0.898
0.922
0.953
0.896
0.934
0.764
0.873
0.957
0.949
0.936
0.830
0.941
0.980
0.883
0.930
0.889
0.922
0.934
0.938
0.910
0.881
0.953
0.959
0.936
0.986
0.863
0.941
0.918
0.895
0.863
0.855
0.926
0.932
0.963
0.943
0.889
0.961
0.902
0.836
0.961
0.920
0.961
0.875
0.863
0.955
0.904
0.947
0.912
0.957
0.941
0.852
0.896
0.941
0.941
0.922
0.887
0.844
0.729
0.854
0.986
0.891
0.865
0.951
0.918
0.975
0.869
0.844
0.945
0.945
0.969
0.941
0.855
0.918
0.811
0.865
0.941
0.930
0.914
0.873
0.980
0.918
0.969
0.934
0.939
0.904
0.943
0.826
0.939
0.912
0.932
0.965
0.887
0.969
0.939
0.980
0.936
0.908
0.906
0.969
0.938
0.869
0.959
0.920
0.934
0.975
0.906
0.947
0.871
0.939
0.895
0.924
0.934
0.916
0.920
0.879
0.908
0.904
0.971
0.965
0.971
0.814
0.953
0.984
0.955
0.934
0.965
0.936
0.912
0.938
0.988
0.873
0.865
0.939
0.883
0.883
0.816
