0.801
0.881
0.869
0.838
0.885
0.719
0.912
0.959
0.875
0.934
0.959
0.805
0.943
0.855
0.836
0.904
0.883
0.906
0.850
0.807
0.871
0.941
0.900
0.893
0.852
0.760
0.908
0.930
0.832
0.885
0.914
0.816
0.848
0.943
0.781
0.896
0.955
0.854
0.734
0.732
0.779
0.801
0.939
0.918
0.863
0.764
0.818
0.975
0.846
0.971
0.918
0.807
0.939
0.875
0.807
0.969
0.914
0.883
0.811
0.803
0.840
0.916
0.857
0.914
0.920
0.850
0.895
0.922
0.889
0.840
0.840
0.965
0.912
0.953
0.941
0.898
0.924
0.873
0.883
0.871
0.977
0.900
0.930
0.867
0.930
0.846
0.812
0.922
0.881
0.896
0.859
0.910
0.943
0.859
0.814
0.799
0.887
0.838
0.840
0.828
0.805
0.918
0.912
0.850
0.861
0.865
0.832
0.934
0.949
0.811
0.871
0.959
0.857
0.930
0.918
0.879
0.967
0.951
0.953
0.918
0.844
0.887
0.814
0.783
0.830
0.932
0.854
0.842
0.875
0.895
0.896
0.832
0.980
0.953
0.838
0.957
0.896
0.834
0.775
0.857
0.936
0.824
0.855
0.900
0.863
0.971
0.883
0.852
0.850
0.820
0.889
0.924
0.865
0.891
0.939
0.764
0.836
0.934
0.857
0.975
0.781
0.748
0.879
0.836
0.873
0.963
0.904
0.926
0.822
0.842
0.906
0.854
0.838
0.932
0.982
0.938
0.895
0.836
0.887
0.930
0.943
0.889
0.859
0.873
0.811
0.900
0.816
0.896
0.939
0.795
0.932
0.852
0.861
0.922
0.920
0.797
0.854
0.934
0.879
0.820
0.816
0.934
0.779
0.959
0.834
0.836
0.889
0.895
0.807
0.857
0.943
0.838
0.896
0.984
0.947
0.857
0.875
0.812
0.943
0.877
0.947
0.869
0.912
0.963
0.854
0.922
0.822
0.785
0.838
0.861
0.898
0.836
0.846
0.857
0.787
0.867
0.812
0.854
0.863
0.932
0.826
0.805
0.799
0.898
0.949
0.881
0.826
0.803
0.771
0.936
0.930
0.842
0.939
0.930
0.889
0.809
