0.848
0.793
0.822
0.830
0.908
0.867
0.893
0.855
0.920
0.797
0.881
0.961
0.807
0.930
0.908
0.908
0.861
0.838
0.793
0.770
0.748
0.793
0.773
0.861
0.877
0.844
0.873
0.996
0.809
0.748
0.971
0.861
0.920
0.893
0.826
0.896
0.934
0.883
0.914
0.900
0.900
0.873
0.793
0.795
0.932
0.775
0.904
0.863
0.936
0.928
0.867
0.863
0.834
0.850
0.889
0.799
0.977
0.785
0.809
0.773
0.848
0.957
0.889
0.844
0.855
0.932
0.924
0.865
0.768
0.910
0.885
0.861
0.850
0.795
0.930
0.916
0.945
0.973
0.939
0.953
0.842
0.949
0.891
0.854
0.934
0.957
0.900
0.873
0.854
0.980
0.828
0.836
0.920
0.984
0.832
0.842
0.898
0.773
0.869
0.939
0.779
0.879
0.959
0.928
0.908
0.980
0.963
0.896
0.889
0.943
0.785
0.885
0.811
0.840
0.941
0.924
0.887
0.873
0.906
0.941
0.793
0.895
0.832
0.773
0.854
0.826
0.725
0.908
0.750
0.922
0.871
0.852
0.844
0.861
0.770
0.992
0.961
0.871
0.840
0.836
0.910
0.875
0.840
0.873
0.859
0.932
0.928
0.893
0.924
0.885
0.969
0.799
0.877
0.877
0.863
0.877
0.834
0.943
0.941
0.816
0.861
0.838
0.836
0.916
0.926
0.861
0.916
0.904
0.900
0.871
0.979
0.904
0.814
0.932
0.852
0.898
0.801
0.891
0.861
0.912
0.906
0.887
0.816
0.941
0.816
0.758
0.854
0.928
0.893
0.934
0.848
0.984
0.871
0.760
0.932
0.945
0.803
0.885
0.871
0.854
0.975
0.871
0.898
0.980
0.959
0.986
0.877
0.883
0.824
0.936
0.920
0.846
0.848
0.982
0.889
0.984
0.975
0.873
0.887
0.811
0.779
0.979
0.883
0.859
0.920
0.898
0.807
0.801
0.996
0.871
0.732
0.920
0.965
0.887
0.748
0.848
0.912
0.885
0.914
0.949
0.941
0.961
0.865
0.801
0.955
0.979
0.953
0.793
0.969
0.941
0.871
0.947
0.879
0.855
0.914
0.857
