250
20
141
25
150
143
123
239
156
102
88
3
127
174
237
193
6
45
71
124
22
71
105
227
145
55
146
96
141
113
201
188
197
243
37
61
162
168
159
11
105
240
123
87
2
194
129
162
124
20
175
223
233
38
71
212
160
247
215
218
155
123
19
73
165
233
59
98
142
19
199
226
204
18
218
4
115
131
12
153
30
184
27
29
120
18
44
126
64
190
29
160
230
57
69
194
199
164
69
63
196
39
86
216
63
188
81
7
222
234
19
154
101
229
170
242
63
202
41
248
72
103
82
62
235
233
178
204
99
30
114
149
160
53
5
210
155
34
127
7
98
247
20
173
93
110
78
223
235
44
34
110
185
189
117
220
5
193
60
209
22
123
17
180
1
91
100
38
243
243
83
31
201
19
13
120
142
4
133
57
52
80
86
151
4
234
127
222
80
74
170
235
45
246
94
102
160
223
144
142
36
49
178
75
126
105
227
110
92
96
233
59
199
71
243
223
33
246
87
185
223
126
54
68
122
168
174
201
24
117
254
255
176
228
26
73
186
245
219
91
0
131
110
248
143
187
10
198
198
179
121
21
93
159
2
94
212
68
0
132
56
14
23
124
38
66
152
164
100
241
142
68
235
193
0
162
19
124
240
116
29
125
17
130
207
53
121
218
10
98
217
139
148
68
35
21
25
46
146
35
2
36
57
10
104
50
35
141
188
178
4
206
198
108
74
19
98
51
131
139
4
139
70
70
77
230
126
133
9
33
227
53
47
142
7
117
243
112
190
111
116
247
195
142
82
120
138
165
119
66
255
10
106
212
7
160
188
238
217
60
180
110
214
192
21
59
12
195
124
79
59
247
12
62
172
222
140
214
171
115
177
68
46
142
117
65
4
233
30
12
172
53
57
193
175
210
207
142
98
71
158
64
107
48
65
163
138
190
47
51
34
145
138
223
80
120
244
227
248
244
76
37
80
14
34
141
144
52
152
75
226
144
206
75
227
254
224
75
76
51
0
36
82
51
71
224
192
71
214
255
51
112
162
45
100
80
50
146
224
66
38
229
107
99
140
253
25
10
211
237
193
36
255
143
239
5
92
242
0
195
172
73
117
74
185
188
19
242
96
7
125
198
133
254
62
158
9
95
233
224
161
187
110
75
157
121
117
150
53
68
74
147
238
126
84
226
70
205
244
236
99
71
69
217
168
82
85
222
111
174
66
169
226
172
29
82
195
197
81
189
174
16
197
9
68
247
59
214
111
237
76
151
18
63
98
12
163
222
148
128
85
102
87
233
198
0
128
20
185
222
35
9
217
43
237
144
73
177
100
56
37
165
97
99
22
58
110
150
85
76
12
239
38
221
129
120
122
59
160
178
41
131
210
119
199
23
70
229
239
9
200
54
7
12
255
71
162
31
108
97
133
51
235
104
197
107
110
206
75
43
108
75
54
125
105
161
36
167
214
116
111
206
217
237
162
70
117
18
19
184
9
193
63
227
236
26
106
35
6
216
244
97
78
123
198
29
108
234
54
116
130
188
214
84
40
217
55
161
102
154
99
84
86
134
174
193
199
127
96
126
253
138
202
53
45
121
88
35
56
206
49
161
53
84
229
24
133
169
25
17
223
64
108
177
13
40
25
181
3
120
12
198
187
116
37
154
119
1
92
55
209
104
100
6
244
71
104
5
96
247
19
226
9
244
26
217
58
230
21
29
25
45
111
3
123
62
174
64
36
67
219
184
86
59
217
83
97
97
92
147
63
91
153
34
120
209
90
159
66
74
40
100
39
109
78
160
104
57
195
79
100
41
217
34
238
70
174
110
24
149
127
161
161
72
134
174
132
71
226
144
149
240
166
22
39
120
54
214
42
150
56
52
197
152
61
242
83
165
51
130
152
127
33
15
185
12
91
207
95
89
160
168
88
81
159
9
200
233
138
71
224
25
243
152
217
21
190
67
31
10
78
71
238
233
164
12
96
59
205
178
64
131
137
86
125
5
186
29
47
33
9
10
203
173
85
40
159
36
185
53
235
68
161
64
81
96
54
62
161
33
84
178
209
63
169
87
28
83
66
15
74
172
188
58
133
234
32
20
0
179
162
192
80
178
53
38
141
192
11
226
196
62
37
0
109
217
88
220
242
162
167
99
60
193
23
60
205
152
223
203
178
4
123
165
204
4
143
88
53
10
95
7
90
33
10
60
208
75
247
42
84
81
159
184
83
75
121
21
33
124
177
78
25
25
20
209
65
242
92
179
138
49
21
41
124
19
39
4
243
6
247
51
9
165
71
19
226
243
136
185
174
47
44
234
54
97
204
126
126
46
183
44
181
88
19
174
184
63
116
42
180
211
143
164
254
68
133
29
189
62
95
12
198
236
150
0
117
43
123
44
75
174
87
169
244
101
159
182
188
38
126
119
22
51
220
150
193
50
197
126
86
18
68
83
196
185
227
36
104
35
178
128
6
70
13
120
183
83
19
190
243
229
20
31
240
127
196
125
181
127
193
79
15
177
52
79
86
21
54
137
91
253
121
117
6
128
84
180
117
34
229
104
220
0
190
207
174
45
14
72
46
199
129
98
105
110
113
64
128
157
161
58
82
148
64
125
19
190
235
24
254
197
243
61
212
121
120
66
223
119
244
255
183
70
127
178
54
243
66
18
80
185
64
104
98
17
178
172
243
56
20
40
70
132
99
133
76
255
151
3
237
46
221
223
151
193
154
244
23
161
56
178
124
201
134
219
124
3
112
128
107
37
98
33
68
64
223
184
193
39
219
21
239
19
199
160
169
59
183
97
10
209
4
138
26
84
201
6
242
236
23
37
233
20
161
131
217
240
78
25
80
36
122
225
185
89
185
34
15
198
40
112
104
235
219
84
167
78
148
167
71
186
129
83
64
189
4
159
192
253
246
103
33
83
246
145
127
25
235
61
62
76
0
232
148
37
0
99
92
39
71
20
160
16
89
59
4
78
218
111
162
125
26
19
124
92
180
197
222
178
95
150
98
125
50
75
137
122
255
235
231
148
109
124
101
143
123
54
22
254
71
150
32
13
4
125
58
53
50
115
117
12
104
115
247
47
53
113
214
84
88
37
13
20
53
123
226
209
159
107
129
193
217
190
134
164
48
39
192
99
95
17
63
198
84
81
255
59
180
125
40
174
54
50
36
243
187
167
94
246
100
218
1
45
43
65
13
137
159
206
218
41
193
118
172
91
116
69
37
210
81
50
48
21
142
121
95
89
91
223
140
131
4
148
99
184
13
40
97
220
240
122
216
146
40
28
54
91
124
40
231
33
110
149
63
177
71
86
159
127
51
15
4
138
112
15
139
12
2
188
7
220
49
86
67
203
250
218
16
242
80
220
95
75
50
26
62
206
243
226
169
3
38
253
209
90
111
19
66
133
88
196
68
18
19
70
6
37
120
221
19
18
3
50
80
114
139
82
131
252
202
131
10
191
248
44
108
217
241
117
186
143
47
79
243
4
3
18
54
129
66
71
3
190
50
196
132
45
139
71
103
6
104
231
0
104
206
75
254
255
91
13
203
100
67
219
189
58
67
44
188
120
82
41
199
99
81
150
123
171
214
243
19
182
34
154
185
247
51
249
229
227
18
63
131
110
39
76
0
199
2
4
143
244
152
109
250
207
99
112
143
5
22
242
184
85
90
210
247
126
80
86
67
218
53
60
29
99
213
66
120
120
63
31
43
235
15
211
0
115
15
10
176
255
244
63
107
143
24
74
48
78
235
142
34
50
174
158
141
147
161
35
62
8
219
98
66
38
73
25
58
125
64
247
159
127
184
155
74
203
52
12
115
187
60
162
131
152
209
242
4
80
202
161
4
125
243
218
214
54
255
2
83
20
233
76
116
3
104
34
12
149
99
50
38
79
31
19
44
159
34
35
60
28
25
68
242
65
33
60
174
66
114
190
178
62
131
4
247
98
227
233
98
235
231
9
98
17
116
76
122
144
15
144
26
226
61
68
94
15
48
94
220
192
247
172
148
217
25
184
6
66
96
197
143
90
252
183
154
75
167
66
123
70
227
214
229
172
60
235
119
39
216
89
223
247
90
235
87
107
52
31
26
116
47
87
75
92
55
144
51
72
94
4
132
154
41
64
54
235
137
104
45
36
149
159
243
139
204
225
5
130
145
156
124
41
68
6
103
80
124
236
185
172
145
223
178
32
253
38
140
7
63
150
70
193
189
0
211
111
133
101
161
116
178
148
105
94
1
148
102
110
86
70
178
59
14
220
62
223
54
174
227
59
251
30
182
26
121
210
36
2
12
28
110
196
216
47
236
160
220
125
35
220
128
233
45
238
66
115
14
10
247
196
39
247
235
43
122
138
70
209
185
82
102
137
66
143
242
94
164
169
175
235
21
247
219
223
16
150
158
129
127
72
95
55
52
24
75
147
121
213
68
55
76
243
68
153
185
171
86
199
26
132
97
211
7
33
45
218
203
103
55
41
162
198
58
91
67
52
84
156
236
18
41
233
78
208
162
60
213
31
195
132
109
235
71
86
90
243
122
153
159
121
167
59
58
66
12
162
235
46
9
95
185
117
51
209
244
237
107
117
152
3
235
49
41
95
75
98
255
222
73
211
78
75
48
69
210
75
236
132
97
214
172
64
17
34
66
35
230
174
68
83
71
255
72
40
140
64
233
172
214
131
222
160
87
48
94
249
69
68
65
101
25
103
250
84
147
126
22
4
214
52
88
83
113
207
255
199
54
131
195
26
144
70
103
161
60
56
222
35
243
125
188
119
124
146
64
3
184
34
244
236
49
81
185
220
230
214
5
13
221
26
62
193
108
83
88
174
87
123
199
227
72
254
99
217
105
141
2
118
255
55
205
173
43
240
197
131
35
254
66
173
247
185
107
53
82
46
36
143
50
50
97
94
202
36
96
35
165
68
36
140
253
49
50
20
98
87
7
97
140
206
26
180
138
214
130
140
143
138
169
40
88
17
87
119
68
4
161
84
63
88
1
43
224
190
182
170
26
102
138
126
22
230
55
158
147
179
86
55
156
104
12
147
101
238
125
174
176
184
30
110
4
166
5
103
121
247
193
144
220
61
57
77
227
192
116
25
51
197
49
184
40
14
33
199
134
41
82
160
117
187
160
50
48
198
231
39
184
219
247
68
36
58
137
46
14
198
16
75
37
34
17
153
2
213
222
225
174
94
224
153
40
34
152
4
73
84
35
107
141
119
127
3
220
188
141
168
98
184
195
108
109
158
116
188
97
237
188
122
110
187
132
95
243
178
247
174
127
171
223
26
196
33
69
185
45
149
174
243
124
145
34
3
59
38
103
5
160
21
217
103
241
180
71
119
137
115
30
43
120
159
87
180
154
179
104
82
143
77
52
81
107
141
19
217
177
10
133
2
111
243
122
70
222
23
62
211
249
172
94
139
62
49
61
228
167
19
208
100
236
234
142
132
73
233
78
126
240
87
21
45
74
198
75
188
65
81
75
51
126
196
128
51
12
116
139
141
133
53
127
58
217
20
104
237
109
72
214
113
23
155
58
209
199
190
159
158
227
169
133
4
171
142
42
233
156
14
38
156
22
182
18
162
247
154
12
178
219
117
9
121
224
29
174
174
152
83
140
112
126
203
41
102
84
130
245
10
112
113
97
18
169
111
66
203
58
84
34
133
207
115
71
188
21
152
82
178
24
174
9
141
80
86
121
57
249
91
131
165
80
209
212
24
118
178
24
217
223
143
117
237
223
146
50
229
16
93
143
86
138
54
85
29
224
227
10
249
184
98
51
28
150
138
247
129
133
114
9
138
56
50
251
74
187
204
120
126
47
9
178
201
154
76
69
148
161
49
73
97
141
55
123
176
238
142
206
9
169
235
64
246
242
204
6
117
42
159
107
50
149
111
85
209
230
135
42
240
105
31
156
68
178
18
22
79
66
239
85
249
66
17
111
105
36
75
31
228
144
125
57
178
249
234
131
207
68
82
156
25
47
246
20
214
102
15
45
219
190
234
243
172
19
12
2
130
153
79
55
17
27
90
29
116
20
99
237
160
247
202
182
163
10
160
71
151
62
243
73
96
58
147
229
188
160
227
66
156
217
90
196
93
54
160
0
70
168
8
55
120
90
61
4
160
3
57
21
7
51
15
23
173
42
116
26
16
203
130
0
207
72
64
115
173
178
90
115
138
100
133
150
66
60
75
146
142
123
86
143
139
64
161
1
120
53
1
44
80
51
3
101
111
55
169
218
5
45
170
18
57
217
125
40
168
22
100
196
76
58
184
144
16
254
53
42
198
229
22
208
31
253
81
229
82
20
55
59
93
243
223
119
231
86
81
16
55
64
98
64
71
255
127
82
115
96
34
110
110
128
73
218
156
78
124
202
95
71
185
249
13
244
208
45
116
53
95
60
80
8
22
253
41
188
219
4
39
126
1
31
128
54
77
209
51
250
119
166
130
254
1
186
178
16
222
65
111
163
27
97
86
36
75
3
5
169
147
33
222
184
66
235
217
123
185
110
62
4
146
53
191
233
104
173
130
57
210
251
81
54
103
142
34
120
48
59
28
255
19
208
98
196
229
103
66
8
80
96
72
134
109
187
85
76
36
235
209
207
21
110
55
227
142
159
75
48
25
181
107
239
217
107
116
5
25
239
255
142
18
165
255
23
191
120
192
115
135
247
253
8
232
178
46
154
178
124
188
5
172
192
81
151
48
175
178
6
128
135
234
109
41
240
199
116
254
11
68
105
21
95
55
6
36
45
221
11
71
154
210
227
6
58
3
62
233
75
222
18
32
106
26
247
42
144
253
46
99
138
149
62
211
122
85
247
58
3
41
243
129
79
229
174
226
229
50
49
41
128
254
253
214
40
128
241
169
33
103
65
188
24
106
6
22
178
206
57
53
226
15
30
139
126
90
185
123
123
51
159
227
1
197
219
108
204
67
253
1
98
95
167
218
169
95
144
101
40
93
128
81
197
75
114
162
108
133
22
227
131
146
26
1
143
87
68
39
139
126
35
233
43
174
250
75
105
209
146
121
70
174
74
255
42
236
142
71
111
62
143
82
178
34
192
160
23
226
182
80
140
165
119
198
218
227
111
127
146
190
7
95
162
203
76
178
6
12
227
223
167
108
75
18
10
124
193
85
169
15
143
130
235
111
34
82
90
174
20
96
33
87
84
185
236
84
198
97
174
208
51
58
102
100
178
21
116
230
157
184
239
98
84
54
128
165
21
71
84
195
116
174
108
88
6
60
120
70
10
218
190
114
82
47
144
188
73
162
96
10
70
61
111
162
35
22
117
5
55
226
192
13
143
222
92
104
244
130
21
33
21
149
128
66
9
144
141
39
49
70
100
41
84
50
78
2
58
124
138
236
38
87
95
160
71
208
223
254
186
168
51
31
79
242
21
227
62
91
62
75
134
174
199
141
150
78
192
29
243
21
62
33
255
40
68
217
37
110
114
171
52
239
55
163
184
79
138
169
215
190
0
193
6
125
119
117
169
218
42
222
89
89
217
98
9
55
69
32
103
186
70
33
7
75
24
71
86
184
163
217
133
221
57
126
59
64
137
78
76
85
214
193
197
112
219
151
25
150
208
103
34
184
100
62
37
238
3
58
104
25
33
10
214
116
160
79
153
246
254
168
163
51
240
199
5
119
97
44
133
2
167
112
244
123
234
39
86
90
113
247
57
29
20
236
41
37
90
52
160
55
21
4
46
191
117
139
180
3
212
86
192
149
161
120
113
117
159
75
178
62
196
84
0
12
106
193
68
84
214
117
3
120
221
223
102
44
179
9
103
253
59
116
63
125
18
189
241
250
107
172
232
202
96
38
6
188
75
22
141
178
202
82
142
87
18
2
167
243
223
62
239
63
222
1
223
146
169
177
74
156
214
112
50
133
20
254
18
109
243
87
184
227
166
43
7
30
75
101
131
159
12
239
54
116
196
18
104
169
138
84
242
151
217
223
130
120
178
90
50
94
51
222
183
121
49
102
0
236
64
41
61
190
174
126
241
183
203
125
207
116
105
98
56
235
24
162
218
218
111
113
6
108
173
86
23
222
73
165
116
162
131
172
70
81
83
128
148
71
21
70
88
88
30
20
46
125
250
134
233
28
192
91
15
4
92
123
227
207
148
75
114
219
8
141
247
229
62
246
37
52
118
197
223
53
87
127
26
37
65
173
243
45
4
103
45
30
95
26
219
221
168
36
125
22
115
104
30
6
26
97
51
116
86
16
70
117
32
123
245
201
121
196
198
101
30
198
36
119
161
33
189
64
30
134
73
219
117
225
83
59
65
252
255
46
211
88
78
247
85
59
181
41
63
155
34
18
162
49
59
130
104
178
202
84
99
131
248
135
31
18
122
73
66
8
156
85
104
171
72
62
78
41
18
70
89
153
33
111
51
19
71
149
63
38
79
227
204
68
77
227
36
142
15
83
55
233
199
249
62
183
80
192
183
37
13
178
201
23
50
51
72
88
29
210
119
124
116
115
116
19
208
242
88
16
218
50
230
202
66
149
49
160
139
97
98
140
144
73
59
149
95
66
82
63
71
77
35
63
172
207
137
220
38
203
167
82
81
194
211
149
191
45
129
117
214
140
52
84
128
53
224
92
91
48
22
150
140
185
200
227
33
91
86
207
137
105
114
61
84
184
25
73
124
211
89
90
127
198
245
35
77
34
188
19
152
171
219
119
202
6
226
61
190
217
30
203
4
202
25
16
146
109
116
138
255
148
37
97
41
222
196
183
19
123
219
64
176
72
122
125
127
255
211
143
247
127
62
125
97
152
238
205
111
141
209
94
148
177
126
214
58
229
81
105
186
254
142
109
101
184
178
6
130
40
9
60
251
125
67
133
81
5
253
13
123
60
214
6
63
124
1
120
25
175
104
95
52
4
122
178
149
208
201
70
6
238
141
76
36
167
12
138
180
251
45
64
59
128
40
143
217
60
230
45
187
71
198
193
49
3
137
128
101
157
20
54
6
148
62
116
222
255
244
229
169
151
172
197
88
159
104
60
72
184
177
78
60
63
146
28
50
124
5
229
209
202
138
16
37
237
243
134
146
119
51
117
199
6
220
123
14
66
158
69
241
79
192
84
110
121
24
197
25
69
193
162
169
60
141
35
204
94
179
62
233
81
188
53
159
27
194
145
156
129
57
91
25
59
105
176
64
220
165
213
185
12
9
112
121
153
9
254
26
124
138
21
132
182
222
21
4
82
213
122
105
223
40
116
126
29
46
185
220
53
66
59
198
104
125
229
36
174
67
161
247
237
185
103
39
169
197
98
172
60
154
111
156
173
184
155
255
18
94
103
242
48
214
53
4
27
10
111
111
109
3
19
193
131
165
243
161
218
83
41
62
51
91
252
152
34
249
13
30
38
102
84
226
207
89
53
194
251
0
129
36
111
233
135
226
255
117
77
38
165
126
13
36
224
63
143
254
53
188
72
225
204
41
58
231
45
159
19
68
33
54
224
114
3
229
142
155
216
30
3
71
235
164
71
35
247
185
38
74
211
6
222
126
234
90
211
229
126
13
126
138
78
44
57
19
37
198
80
58
10
19
6
122
72
120
113
19
167
67
53
21
68
65
36
222
214
60
202
208
120
156
21
105
242
250
178
53
99
59
171
70
241
124
172
238
116
249
247
224
217
192
63
64
31
247
90
54
6
159
60
125
70
111
173
250
22
233
101
211
226
242
209
26
131
192
218
105
233
150
19
99
214
169
225
176
89
60
238
124
115
197
243
5
117
46
77
168
53
10
100
214
112
218
155
97
225
107
219
106
223
75
251
125
154
159
69
21
22
52
6
118
71
119
178
222
39
91
148
68
75
217
51
91
247
102
113
117
182
17
22
92
169
60
51
5
124
122
235
130
218
131
39
211
104
70
42
62
120
165
47
25
199
229
154
138
30
169
53
190
148
145
63
193
120
47
44
120
10
223
38
51
83
86
122
43
49
5
111
204
26
207
74
80
45
229
122
119
0
178
133
63
53
12
211
91
94
6
104
218
101
55
94
96
78
184
104
118
239
226
21
188
65
123
109
64
185
36
215
246
172
91
18
68
223
243
3
249
140
45
144
68
101
74
159
55
121
116
25
138
59
153
68
211
214
240
229
20
198
126
17
12
254
223
81
7
33
108
177
26
36
98
22
166
88
192
29
21
67
125
141
35
184
35
17
161
201
3
25
103
2
35
21
104
88
126
20
125
18
27
129
18
243
232
82
188
46
118
250
233
59
233
84
66
29
82
227
208
51
173
254
22
71
52
8
239
68
159
128
234
6
141
94
4
105
70
25
63
60
12
41
80
225
159
55
143
115
18
226
97
37
48
20
49
101
88
75
61
61
84
37
111
43
196
123
188
135
187
71
25
16
53
159
206
171
88
46
169
26
75
86
127
104
112
188
101
83
105
3
255
107
190
125
136
96
239
49
154
93
174
50
254
247
41
222
134
62
239
222
227
126
154
152
80
144
3
77
4
234
62
41
250
240
127
161
14
78
39
161
240
196
10
125
198
33
238
100
214
196
4
234
7
120
45
130
42
99
143
0
141
68
239
55
185
196
5
247
118
233
178
174
73
198
178
118
240
60
235
250
80
139
206
180
70
243
243
244
26
138
101
159
81
158
197
7
150
88
242
33
115
7
161
55
154
35
99
72
68
36
214
58
233
219
56
137
144
18
25
80
154
171
183
48
174
30
196
65
144
121
94
198
95
138
219
133
198
14
12
10
51
142
79
24
178
178
56
226
16
91
88
109
126
245
137
61
84
143
141
66
249
55
7
105
25
85
228
100
130
125
228
201
73
0
78
103
66
94
207
180
208
52
98
30
60
174
12
159
132
103
95
214
36
253
142
62
19
159
68
41
110
177
9
46
46
224
34
16
36
5
125
9
115
62
247
63
71
209
203
21
101
9
38
89
125
46
143
218
21
159
70
236
92
162
29
130
151
230
50
174
254
12
202
217
50
115
126
174
223
41
242
68
204
187
171
139
191
207
181
190
92
156
217
136
110
68
179
141
168
214
38
27
166
118
75
33
127
239
52
201
159
75
26
44
34
105
254
105
247
163
0
134
71
156
73
70
238
186
218
6
133
86
206
170
4
28
188
210
120
243
24
75
96
8
172
95
134
210
232
4
79
95
29
143
172
120
251
144
204
127
53
6
169
42
43
245
29
128
24
250
60
151
169
218
185
76
20
54
18
180
71
156
101
254
54
58
54
58
103
59
130
236
140
62
12
154
148
133
168
40
243
103
82
218
21
176
76
146
160
36
107
103
115
49
7
50
255
9
7
53
71
37
189
188
116
235
135
82
30
130
0
54
4
179
235
107
35
255
227
124
62
162
55
116
38
110
77
37
66
231
50
9
53
90
96
55
150
172
59
161
25
125
226
207
223
95
168
178
28
18
120
154
117
14
81
126
15
165
137
35
88
83
10
142
91
20
137
17
83
200
57
4
214
180
45
195
90
120
144
25
143
40
12
38
160
233
115
6
38
192
112
174
222
80
100
236
105
90
178
185
219
51
160
226
97
150
30
148
199
188
128
124
50
232
64
89
4
229
252
5
10
159
125
134
16
131
7
40
152
58
78
113
18
40
103
247
199
10
185
246
102
96
89
251
142
87
143
30
5
42
102
70
161
115
123
153
184
3
176
223
228
58
86
120
193
129
196
133
57
17
36
107
101
148
32
90
165
140
4
173
115
125
22
18
234
180
108
12
254
104
95
96
90
39
6
22
81
196
120
176
240
54
34
131
221
143
63
212
173
177
33
59
34
143
54
20
41
3
20
60
167
27
88
71
235
105
87
149
69
160
128
117
72
86
133
122
131
26
143
37
174
247
27
159
177
143
207
78
19
32
235
112
108
174
0
52
68
125
206
116
26
21
226
60
250
84
6
201
38
218
226
79
18
55
114
40
88
174
196
76
238
131
132
190
105
171
243
206
244
57
30
80
134
150
108
92
217
2
46
207
149
64
7
204
216
104
112
61
148
207
141
139
253
44
144
2
107
239
60
50
80
24
139
125
50
25
229
189
18
124
212
208
116
95
53
252
165
41
129
54
102
100
247
253
185
114
60
18
80
210
102
255
226
115
19
208
185
25
217
17
82
162
120
172
54
29
81
34
88
198
110
13
120
120
46
40
165
55
218
223
68
52
232
185
45
41
40
206
57
139
10
139
17
3
96
77
113
74
159
94
70
169
130
167
227
37
0
156
54
90
187
72
94
30
25
169
176
29
88
63
242
63
180
73
159
175
98
70
127
243
220
223
188
86
178
154
41
79
105
116
235
208
133
63
64
236
190
47
17
40
178
31
140
16
39
141
165
4
253
134
229
24
120
59
121
144
93
73
131
187
170
10
159
239
37
243
14
223
4
3
103
48
32
91
156
45
54
89
110
97
154
220
109
68
126
59
84
25
81
99
239
95
67
68
57
70
70
112
155
112
185
169
80
35
59
255
120
176
114
203
50
26
46
40
226
64
196
188
239
57
220
207
210
100
38
59
181
92
237
97
21
141
227
24
97
176
105
160
146
15
98
94
74
152
8
177
227
33
111
168
69
35
63
232
229
244
53
243
255
37
139
15
70
242
60
52
81
5
233
115
201
255
98
7
34
159
246
90
233
112
140
29
236
80
57
217
153
246
17
7
23
21
62
192
20
208
130
54
111
182
95
19
103
224
117
226
12
11
62
40
76
185
0
53
220
119
53
109
75
168
169
245
63
20
24
240
255
177
18
115
95
176
33
133
170
174
178
24
246
110
138
125
141
12
35
112
243
80
202
246
134
46
116
24
80
45
31
218
154
29
190
10
174
219
64
69
226
1
94
83
139
119
33
246
232
240
89
211
70
78
3
171
231
124
45
78
33
33
199
148
229
95
218
19
51
139
75
75
62
247
181
10
94
255
199
199
242
83
102
217
248
67
7
235
121
229
47
74
118
218
57
84
84
211
92
243
12
9
92
223
96
80
217
4
52
39
94
217
35
214
123
222
102
49
55
156
112
146
214
70
204
96
63
100
25
108
21
101
172
82
7
208
219
84
131
127
132
20
101
219
245
178
55
250
51
199
107
250
198
104
76
121
88
60
159
132
156
100
100
68
104
247
127
101
39
126
199
19
49
174
123
127
168
144
39
105
159
58
94
74
210
73
179
248
159
177
17
210
91
139
134
209
218
68
160
156
167
75
78
5
88
117
188
156
112
130
233
78
112
102
19
221
159
49
126
34
190
233
124
219
123
50
39
214
85
247
219
69
251
112
3
154
51
228
21
219
130
197
3
2
222
124
80
97
253
48
216
250
75
48
115
156
51
71
238
175
9
174
65
98
86
150
6
210
219
185
29
62
131
42
78
123
131
115
55
71
144
174
113
12
16
116
208
63
230
169
209
75
204
131
60
154
54
41
52
0
54
243
255
86
41
97
174
17
62
184
144
108
100
125
148
171
125
68
49
105
31
233
57
12
246
102
144
125
122
38
10
134
99
193
64
60
1
191
171
29
178
46
154
112
163
167
126
50
109
83
86
30
95
193
42
227
126
83
52
2
255
219
88
196
216
253
219
30
182
31
108
175
182
207
10
59
13
104
184
24
161
63
133
196
208
210
210
80
115
184
117
230
69
38
50
25
66
173
46
56
22
50
190
111
169
107
235
207
105
191
141
243
69
226
109
151
158
2
5
36
235
10
64
224
146
128
43
23
133
115
91
160
211
155
53
71
136
157
184
97
12
59
4
161
93
220
142
68
164
83
136
71
179
116
111
12
4
55
46
46
207
179
62
181
69
0
221
245
125
36
128
195
158
179
38
246
122
156
37
74
131
46
247
45
175
247
247
66
150
165
152
74
93
174
169
247
79
217
128
77
120
79
128
227
254
126
120
90
53
84
30
98
189
204
220
199
154
245
71
4
242
62
100
43
199
74
103
30
52
237
255
51
126
37
122
217
34
208
251
104
53
223
229
95
2
105
55
157
253
95
220
99
199
218
119
174
167
40
153
98
172
124
174
233
112
9
240
192
49
21
119
111
233
38
29
1
41
94
118
70
68
40
137
37
214
60
69
20
95
70
80
166
68
25
159
4
144
173
208
32
58
58
104
188
126
35
109
64
103
127
100
254
172
141
128
83
1
58
151
204
94
105
136
160
239
79
51
240
6
81
76
175
160
4
247
100
62
9
38
90
222
152
105
243
15
83
178
109
100
33
50
48
62
192
210
214
113
62
67
129
83
112
242
247
86
21
12
138
71
191
91
2
66
188
136
174
83
239
99
3
94
133
109
150
169
188
199
10
246
162
73
81
59
95
94
69
218
47
182
111
95
69
62
249
242
235
49
148
61
90
50
139
88
50
199
63
118
214
170
104
96
168
156
188
166
159
172
178
104
226
48
29
37
133
117
61
198
51
78
100
112
160
214
134
228
43
118
80
51
94
204
174
138
174
187
219
131
38
54
32
98
63
215
54
213
217
73
133
31
250
221
86
249
2
70
242
58
12
67
40
165
128
201
34
133
198
250
72
225
245
34
40
218
254
55
33
101
76
204
187
82
42
125
119
10
30
154
26
116
79
81
75
241
121
243
247
198
20
217
255
37
148
191
230
17
255
12
36
159
187
159
115
9
172
192
251
186
233
188
148
85
178
150
139
87
155
227
94
220
98
212
154
6
195
95
120
121
69
241
235
233
19
254
58
20
30
174
103
37
246
19
177
95
95
46
255
152
133
54
212
83
86
189
98
116
158
68
177
189
178
28
112
174
112
82
12
18
222
230
212
253
18
243
83
188
75
133
126
130
200
66
120
4
60
55
98
214
4
25
125
180
218
122
22
112
68
68
10
127
54
112
23
184
98
224
133
190
233
240
64
67
108
139
255
41
218
2
0
201
2
54
117
7
129
75
105
117
187
87
45
87
83
140
146
102
104
4
199
137
104
220
116
105
208
108
80
236
40
127
123
36
119
153
192
4
130
128
7
143
34
97
100
40
36
100
186
190
10
168
63
68
177
63
21
107
114
56
243
167
13
195
212
5
188
15
248
12
169
53
165
5
151
168
84
210
199
15
214
74
180
222
124
18
75
174
190
246
19
50
218
140
90
233
37
234
97
130
117
36
63
208
130
174
183
128
4
42
131
174
2
119
132
80
18
88
53
99
217
192
17
154
193
31
127
94
166
187
96
231
112
50
204
159
38
105
41
219
30
137
130
81
127
152
253
106
235
109
41
218
190
4
231
145
98
204
242
236
0
155
144
4
237
190
217
237
98
47
22
61
159
201
127
117
213
172
104
103
75
24
95
9
82
233
122
120
15
224
193
254
254
209
37
120
203
124
68
0
84
72
59
40
80
111
159
54
20
157
123
160
119
70
63
239
174
230
120
161
131
179
184
229
24
192
165
75
192
53
57
60
124
209
127
139
214
80
222
9
101
206
217
51
207
69
41
57
199
47
219
180
88
127
210
207
230
7
193
233
123
70
247
21
88
193
107
133
243
85
121
134
113
172
255
160
53
229
127
112
98
88
79
18
34
215
62
102
68
54
183
78
154
88
134
33
186
88
129
230
12
192
218
148
3
209
134
156
209
18
204
125
190
21
63
79
66
208
115
251
159
100
127
29
144
57
62
50
92
200
2
67
193
77
233
127
79
78
221
138
115
1
65
30
218
37
48
243
182
59
20
9
117
79
254
184
88
79
122
221
36
26
101
53
75
60
95
71
4
169
3
68
237
6
39
236
97
85
221
250
116
234
178
246
250
18
152
160
12
208
134
190
255
204
25
58
95
41
93
171
59
133
95
151
192
156
78
74
71
169
176
62
88
51
198
76
123
13
84
7
18
126
37
196
37
233
48
233
94
198
158
255
174
158
243
71
183
145
58
198
121
178
175
45
125
191
56
70
199
55
156
161
219
97
112
62
208
118
210
98
87
208
217
52
203
122
59
95
4
20
9
134
204
40
30
80
169
156
154
159
192
13
3
127
220
24
95
91
54
236
35
184
21
124
73
49
167
100
99
176
38
137
190
231
6
89
198
141
2
104
78
54
107
88
38
174
139
122
37
98
42
134
247
22
239
63
134
255
55
197
205
152
225
214
165
82
5
99
46
21
101
192
156
18
132
104
125
78
20
51
125
96
44
84
183
138
82
31
99
97
83
62
116
96
242
68
18
254
79
36
40
202
247
210
13
51
20
44
19
139
56
94
72
173
2
88
133
21
9
72
71
127
90
162
125
59
160
75
219
3
82
54
120
12
29
113
156
194
101
152
142
178
139
18
63
243
72
53
103
161
248
14
148
156
60
27
52
139
40
119
104
84
62
209
130
92
68
154
242
32
207
36
121
30
127
227
178
141
111
64
159
133
60
96
18
80
81
87
74
70
247
104
98
2
98
169
99
79
202
199
225
227
7
218
34
238
237
204
158
5
130
138
142
29
37
180
139
126
222
229
178
236
125
156
187
12
97
51
83
107
222
51
101
114
221
59
99
91
233
150
121
103
155
191
59
43
125
175
207
63
223
120
233
37
226
59
80
250
116
203
62
96
209
82
250
105
233
24
94
167
251
254
98
254
123
110
125
63
164
5
162
143
4
159
9
124
243
128
55
80
169
195
218
33
128
199
88
116
52
64
5
121
70
14
37
77
178
108
86
125
6
233
180
254
52
81
77
238
169
188
12
12
152
90
36
171
23
108
124
172
253
92
37
185
147
123
20
60
60
37
177
219
0
80
254
131
10
173
104
88
43
128
139
42
133
67
40
124
177
49
172
232
22
193
199
19
233
243
119
242
92
101
93
134
113
196
21
192
224
146
178
97
10
44
65
94
167
225
133
22
142
220
210
58
64
178
190
195
240
196
255
85
133
201
80
243
232
28
24
10
150
0
138
62
4
0
134
12
130
40
68
235
66
222
62
16
206
83
149
94
73
225
99
18
172
103
169
91
222
152
104
9
150
154
82
210
229
208
174
26
156
143
23
48
155
245
89
51
211
172
69
177
247
29
169
144
250
75
6
123
32
134
238
82
88
227
24
150
75
208
10
110
100
122
97
244
253
15
40
10
197
59
35
95
60
183
91
174
54
179
158
102
220
158
119
227
246
210
2
253
184
117
75
133
113
173
117
68
75
190
98
193
187
95
233
159
108
99
23
150
191
41
125
21
66
100
91
151
160
174
233
63
63
226
57
198
185
200
247
21
197
75
152
49
86
157
209
181
206
199
73
71
233
77
174
2
80
94
60
37
30
115
15
53
174
120
123
241
156
12
6
2
61
143
194
164
71
139
133
70
54
99
99
117
134
255
21
72
102
240
121
159
73
125
52
166
218
212
226
98
129
119
131
177
224
247
148
247
110
123
192
208
179
130
3
153
31
81
2
211
91
110
174
153
78
73
94
10
2
174
27
22
157
169
83
18
148
0
235
9
80
109
35
24
10
239
169
122
48
12
160
197
135
21
2
3
82
142
76
138
62
188
66
102
100
82
102
244
239
54
194
48
115
253
160
122
31
233
26
236
80
66
5
37
252
30
68
196
73
0
114
63
193
84
158
247
66
32
46
113
31
178
199
178
254
143
117
196
233
160
69
183
174
69
220
244
220
254
90
104
218
183
214
191
57
101
64
174
68
178
39
232
243
70
7
230
144
255
75
169
167
90
34
155
131
122
37
255
60
15
38
239
81
251
156
171
174
120
131
86
125
120
4
63
90
219
100
15
53
166
2
54
80
33
53
110
116
230
141
248
3
195
63
47
178
41
99
236
119
26
103
98
13
255
83
143
227
198
10
68
5
6
12
48
97
118
198
70
164
99
43
116
147
178
25
18
58
254
204
250
249
185
3
75
99
237
120
217
190
66
141
91
189
104
70
70
66
57
120
246
74
217
95
178
91
170
125
219
161
110
116
55
71
222
91
63
21
54
54
52
98
19
214
237
9
118
45
100
112
35
59
125
190
51
238
75
232
82
172
193
111
113
14
102
101
86
227
253
39
90
138
254
31
223
22
138
69
172
137
102
59
64
53
128
105
91
171
38
60
217
117
10
198
0
79
201
192
188
37
7
126
30
16
73
190
219
6
199
187
255
144
34
9
30
109
198
125
116
57
125
217
30
4
44
0
176
110
211
58
100
235
60
91
214
179
176
169
96
185
15
113
144
131
204
193
188
29
19
0
120
78
81
97
4
9
131
6
209
96
104
116
10
104
10
207
54
22
141
233
70
224
76
154
9
190
119
192
41
255
66
82
9
10
95
91
98
230
219
6
40
21
243
90
127
88
205
116
206
218
220
0
156
39
172
126
246
138
156
124
142
173
11
178
159
142
55
100
49
37
131
119
250
13
115
15
197
35
0
188
36
66
53
166
137
25
3
90
172
156
218
54
9
247
4
3
107
64
117
227
247
254
51
110
17
233
118
23
201
75
4
95
154
25
105
12
116
14
177
184
63
32
171
88
230
196
112
128
188
125
214
169
107
125
33
103
62
152
90
178
84
128
44
3
11
15
72
192
237
94
46
236
207
169
244
214
222
208
51
84
156
125
234
192
105
102
58
179
4
187
67
174
18
118
247
62
69
66
150
69
156
129
223
190
104
82
52
97
46
83
109
19
215
88
159
99
40
72
173
115
185
110
190
6
67
247
174
238
146
9
194
64
22
51
233
251
4
18
226
192
49
193
64
16
124
15
4
103
6
56
156
188
1
131
33
154
83
29
134
40
159
33
222
80
12
161
242
238
30
210
196
131
18
10
18
181
218
130
51
78
75
184
94
197
222
58
88
52
40
238
86
134
65
235
91
253
70
120
172
178
70
124
6
77
220
59
199
95
29
240
151
116
18
3
60
26
207
111
120
20
159
60
88
67
50
117
89
140
127
141
37
127
24
223
28
69
206
235
7
159
223
86
219
62
239
111
65
152
26
78
120
21
219
134
83
167
34
188
41
158
233
169
44
74
173
9
68
68
17
29
60
168
119
125
12
43
161
128
53
5
237
85
83
142
167
169
176
111
179
165
0
237
7
0
43
165
131
12
37
247
88
97
104
209
9
156
65
110
66
174
185
49
163
50
64
36
139
62
21
12
193
48
120
206
222
3
77
116
89
106
209
95
9
166
185
122
238
22
214
69
149
62
72
62
50
251
7
9
70
164
243
94
193
224
35
244
86
141
49
2
178
35
177
7
30
218
78
155
133
247
48
155
119
225
226
73
29
198
100
132
10
4
19
104
112
214
82
59
237
16
46
138
132
102
251
162
161
235
241
249
222
233
149
242
39
19
105
233
83
29
19
37
142
198
5
93
33
50
115
208
185
38
35
153
100
55
55
33
117
102
240
70
38
174
77
227
174
193
150
41
24
134
148
18
156
40
26
103
101
67
150
184
253
67
124
64
207
61
249
97
190
98
152
243
226
204
54
37
59
9
171
28
31
185
199
20
243
91
235
36
31
4
100
120
171
1
164
223
64
161
179
64
166
189
159
204
199
4
207
249
46
133
22
84
49
89
169
30
90
19
52
126
34
6
130
54
110
121
68
88
218
40
240
254
197
211
96
95
13
67
196
112
165
53
190
29
42
243
222
141
240
36
126
38
51
34
35
14
111
114
77
41
15
18
40
184
195
31
254
229
207
156
84
75
9
37
41
156
247
226
133
1
223
218
99
251
80
233
30
184
233
91
127
171
174
43
73
125
167
152
217
35
181
6
184
159
227
235
225
204
44
60
76
42
66
199
24
14
22
149
36
247
184
143
7
239
174
171
10
99
203
144
108
179
124
51
229
207
45
99
247
220
30
54
71
204
60
115
249
165
219
62
73
54
174
59
54
178
184
0
30
121
249
122
151
207
126
255
2
101
25
56
83
60
179
62
37
26
220
92
188
30
139
34
68
67
226
33
127
174
138
217
181
61
138
115
174
10
243
152
72
21
253
100
233
33
107
131
131
254
243
53
34
71
90
110
209
115
81
195
40
101
21
58
82
155
43
167
14
83
207
73
147
88
84
36
159
220
22
214
189
16
161
47
229
30
218
75
238
76
160
140
207
45
116
4
10
96
209
48
111
32
36
66
80
21
34
79
237
154
162
5
12
255
171
25
243
31
24
190
244
64
128
43
188
120
198
20
172
83
100
46
46
155
62
25
4
134
15
223
4
73
52
117
112
40
7
73
99
116
138
120
169
169
171
138
2
162
237
61
128
137
189
84
40
27
206
247
50
158
75
83
174
143
22
208
156
13
174
104
144
199
8
43
37
18
88
214
204
70
34
137
231
48
202
247
31
75
111
117
176
111
253
107
219
252
237
83
134
243
103
226
16
144
239
6
30
126
242
13
214
206
142
25
38
8
37
111
156
112
51
253
183
87
116
233
55
242
1
14
65
37
77
144
62
97
18
188
212
113
158
254
69
174
54
185
51
92
19
143
205
25
2
111
221
190
59
6
49
21
102
91
201
119
227
5
18
43
4
176
32
126
74
30
68
188
87
54
68
162
218
238
6
192
7
95
221
161
238
144
247
255
102
104
107
91
198
181
110
17
169
85
63
185
67
198
217
30
160
102
84
199
86
13
101
204
37
91
228
68
255
81
152
26
38
144
130
120
226
108
66
111
50
148
173
29
190
134
116
53
33
174
82
21
130
219
95
91
61
26
230
203
58
61
159
51
8
22
204
140
93
34
243
45
86
112
101
66
147
57
184
160
134
105
59
66
112
58
172
160
84
59
172
69
46
0
100
184
220
75
233
119
147
179
81
111
35
97
218
182
132
242
30
94
21
25
25
29
181
143
112
64
141
186
252
174
185
144
41
156
29
77
99
64
63
123
218
28
141
148
146
236
95
21
95
156
146
55
38
174
26
172
103
59
249
168
67
149
230
209
2
57
128
4
38
98
102
233
71
107
104
185
26
204
34
235
142
85
229
88
18
52
18
4
42
32
141
87
16
196
144
53
93
29
141
58
95
89
68
162
204
59
9
122
99
242
25
161
247
37
75
54
208
202
133
55
177
4
80
141
105
56
198
193
247
117
72
25
116
174
63
84
38
208
26
114
128
4
6
138
242
223
162
235
75
122
194
113
83
207
214
22
52
190
126
97
78
6
248
240
140
50
4
107
18
29
62
124
188
98
123
250
223
18
91
7
197
226
169
240
98
217
169
223
222
185
254
243
162
36
39
65
115
98
87
111
116
188
130
46
218
58
84
59
134
103
19
72
250
56
196
4
94
101
122
95
161
59
240
64
99
219
68
128
68
17
244
144
58
60
84
211
38
99
151
75
62
149
125
143
6
152
182
46
105
53
10
29
169
207
233
154
207
9
11
162
199
19
142
180
38
250
162
52
68
156
208
160
191
152
196
31
227
105
229
90
45
49
178
233
171
51
24
218
223
143
152
240
121
254
220
119
165
6
66
234
178
198
93
148
75
234
72
218
78
254
82
52
220
51
111
38
160
7
254
67
207
73
4
241
132
193
3
83
201
234
139
57
210
21
119
242
211
131
110
9
75
96
237
180
34
196
22
142
36
254
31
4
73
221
82
236
199
166
219
66
36
192
238
222
178
4
148
190
25
179
34
40
139
125
115
218
237
60
155
110
67
12
218
148
241
156
134
40
124
235
32
33
5
169
164
208
21
69
226
214
111
235
152
249
255
69
64
210
202
151
237
73
24
143
163
192
20
127
34
125
45
95
209
19
243
12
4
174
71
232
24
159
46
202
7
56
112
49
120
220
70
37
170
64
68
7
116
103
60
99
251
35
151
137
46
91
168
230
209
243
226
110
220
33
182
134
55
232
196
185
66
65
190
242
144
169
217
63
127
165
178
116
198
247
164
97
193
214
239
79
105
26
62
238
220
210
126
186
249
184
171
207
24
210
25
211
45
13
83
66
29
180
192
18
227
247
95
16
208
132
54
97
236
124
9
211
142
169
153
143
10
188
64
67
160
43
218
18
144
231
238
46
20
220
236
62
217
207
119
120
219
116
5
177
31
176
75
245
5
81
39
210
237
199
12
119
185
164
120
77
181
165
18
59
226
172
188
174
167
97
125
56
121
39
174
21
169
60
184
0
195
101
226
60
174
34
121
171
75
13
156
100
67
209
23
222
188
140
9
57
88
96
51
116
247
4
116
169
56
88
127
82
74
254
104
20
25
9
53
70
92
71
93
18
247
63
209
204
185
234
2
88
245
17
237
126
122
33
90
214
146
58
233
97
118
54
82
46
199
38
250
129
68
48
60
134
61
252
172
139
32
92
43
192
184
86
214
117
45
243
130
177
172
197
94
249
140
169
232
248
0
169
137
184
172
63
38
38
32
197
46
18
154
159
243
97
180
79
242
108
146
218
218
208
219
192
131
94
235
12
237
57
234
71
52
86
220
142
5
222
10
94
96
184
224
83
8
239
2
214
113
77
9
75
134
85
10
10
95
33
180
30
111
254
196
152
82
227
19
70
225
180
83
235
58
57
4
30
15
202
102
222
233
61
176
251
222
247
90
23
140
211
212
23
95
243
115
96
185
22
51
