0
127
1927
3000
7369
11602
12772
13852
14883
20068
21202
21802
22805
25417
25777
26766
98762
99636
100877
110673
120992
124418
164577
169030
175144
198803
203584
214104
297172
394802
406785
442379
458924
563226
567681
606405
657702
682512
787788
811106
823333
852753
857218
1189957
1199488
1257482
1313354
1348480
1377377
1392662
1577283
1581272
1582880
1591337
1737745
2269956
2310433
2369216
2369561
2413584
2626152
2698244
2756756
3113024
3178662
3228296
3545120
4475521
4532512
4727819
4768080
5263436
5312016
5537848
5898882
6297986
6324755
6357232
6623748
7399424
8934913
9216520
9438036
9707651
10031152
10486938
10504259
10522889
10764676
12625028
12649002
12715360
12716060
13121600
16252933
17351816
17395968
17860960
18356740
18899028
19006477
19923345
20977312
20990002
21111176
21141505
21266694
24118338
25168037
25234696
25240208
25301266
25411588
26493472
27926560
29622345
34890760
35751041
36192774
36702476
37783112
37816390
37818648
37904420
38011925
38146240
41959656
41978498
42017029
42209294
42732576
43123209
47202562
50334289
50606128
50921507
51710080
52052032
52469770
59806720
69764354
70328640
71389187
71828020
71895176
72238080
73403425
75538482
75657344
75766288
76152906
76547116
77792768
83886796
83904272
84250632
84289538
84672928
84976129
89325600
100664162
100710404
100827288
101192784
101716129
102844432
115613696
138617345
139526532
140902672
142742052
142954560
143704208
145230592
151004198
151293440
151521474
151584796
153114632
157032448
167793796
167970050
168034601
168399360
168829458
169246724
169879648
186778240
201359685
201376296
201663504
202382338
203960321
207618062
255854848
274874944
277225552
277545344
278986828
279974402
281022609
285233249
285737738
287377952
302143490
302187028
302252434
303144992
308805920
310935617
319299716
323044352
335645760
335677705
335831045
337170432
337649832
339744004
360711171
402688049
402698370
403179152
403574792
403735816
403832930
405078019
406872088
413156384
482508800
545687808
548536512
549503009
550240274
553721960
554057872
556011840
571605296
572530176
573309064
574630032
580943892
604061964
604243465
605044817
605560838
608305285
622889088
645924224
671173633
671277120
671367938
673189938
675545188
680536072
688521473
689012738
696255568
805309602
805356164
806368320
807929936
809566529
822124816
822347788
841097217
844366336
881131552
889328128
1040187464
1087471680
1091110464
1093419009
1107577152
1109397573
1109688864
1136656900
1140983920
1141899546
1142047236
1145053378
1163923472
1174479368
1208535044
1208557728
1209274385
1210089560
1211245568
1212191008
1212417160
1216495880
1283457665
1309409282
1342246950
1343225997
1344299266
1346378248
1346764833
1350829824
1358955576
1359085892
1385170960
1610615318
1610981380
1611174080
1611350018
1615334656
1619066905
1644200195
1728069664
1784741888
2174779968
2183266386
2187345929
2206230528
2215381057
2216710180
2218795281
2223046790
2235039752
2282234436
2282242067
2283472896
2284847649
2288550016
2298548353
2315258904
2348811488
2358509824
2416230688
2416978560
2419065876
2425438209
2437546000
2449478401
2684437040
2684489769
2684560512
2686519306
2688566278
2688594432
2693271812
2735734789
3221230992
3221275713
3221499976
3221621764
3226470403
3229753858
3238103056
3255304236
3491926016
3523281088
3557303296
3640672768
3759407264
3827303168
6001
12699
19995
21165
25398
30840
100978
105731
111400
125252
170380
205510
235152
264675
317958
342149
345481
410197
434608
558638
581661
593569
606394
664692
673602
920728
1004064
1055924
1078279
1116505
1180843
1200920
1302657
1352292
1361090
1509124
1662016
1679634
1849608
2139235
2148256
2167126
2277484
2279698
2444322
2491274
2640328
2674819
2692121
2892039
3185217
3191944
3219501
3424624
3932700
4226816
4273202
4330059
4375813
4496480
4530268
4721477
4793792
4817001
4854177
4960260
4993680
5251434
5427234
5720072
6032390
6295180
6431288
6448258
6582305
7700737
7996680
8529166
8663874
8678420
8749127
9119753
9470755
9512520
9615376
9735177
9986212
10095200
10371329
10552257
10576152
10686626
10749477
10884168
11045040
12669220
12746962
12898440
13223938
13656593
13833217
13895056
14690342
15205968
16849546
16977973
17072793
17199116
17400708
17564755
17631332
17859676
17908291
18092264
18663440
19008736
19146024
19203220
19412482
19565064
19976452
20121606
20546592
21015060
21029088
21201930
21517332
22031489
23660816
25187776
25190443
25338177
25690488
25821703
27066378
27633664
28460048
29763072
30412934
33625196
33931313
33991169
34084744
34141216
34216965
34324744
34361417
34617538
34637847
34687776
34935376
35660437
35811648
36865538
37225668
38011558
39387281
39888144
40077344
42011856
42426370
42766608
43090060
44061232
46139697
46182403
50341700
50348444
50365618
50465098
50480673
51777539
55056424
55329536
56696897
57671732
59113764
61079746
61342977
67259042
67375420
67510377
67651670
68059270
68715336
69274020
69472465
69861427
70003232
70537226
71355536
71369618
71680576
72524864
73537604
74453792
74531844
75534084
75540680
75569249
76022157
77336644
79956234
80217250
83924101
84001058
84070480
84167752
84959378
85199109
86720640
87425600
92824128
92897297
97519696
98598952
100690179
100859919
101459073
101851524
102008096
109069381
110641176
111282305
113906176
117445142
117517344
122191938
125841672
134302356
134617170
134761776
135070408
135598370
135807246
136318037
136462489
138152065
138446987
138449604
138561633
139627264
141570128
142609514
142618701
142676499
142682498
142835768
142881952
143262913
144806916
145146368
145752488
146309186
146802441
147333396
149749792
151004065
151192016
151273607
152080944
156255272
162537988
168059088
168329696
168435754
168872008
169952832
170144264
174344196
176209958
189005850
193140736
193986657
201336458
201472288
201722380
202170624
202440820
202469888
202543113
202900997
202903952
203661314
206831683
216023232
220203523
222368832
235012881
237110308
268447013
268739610
268964046
269133890
269337604
270152193
270577716
271583290
271598665
271648130
272769047
273056072
273170979
273303684
273777158
276045956
276861528
276884000
276973192
277377042
278928656
279072773
282134688
285304849
285381920
285545985
285548706
285608720
286392876
287412416
290456512
292028553
293619974
294393984
302084232
302287016
302582794
303309121
303321124
304947216
306185411
306197088
310643268
316154880
316801034
320900100
335545816
335610425
335766784
335807590
336271376
336953488
337650258
338068481
344064180
348135948
355481600
357043712
369688900
371213064
373325861
394313856
402735464
403440420
403708228
403990530
404849424
407409665
407437394
411337089
419441224
420630656
424083460
425771010
436350080
453083145
469835969
478693377
480509976
486543402
503333906
538184241
538640460
539558690
540418066
541672968
542671140
543162653
543379472
544080385
545276494
545414176
545801104
546314625
546366720
553654343
553699593
553820706
554700546
558374961
566299137
570434649
570436140
570544194
570755348
571114064
571491860
571870272
573587491
574755078
578913824
581242881
587272608
587661832
592053376
592474112
603992837
604115994
604275026
604504771
604524896
605128744
606234632
606638092
612500264
612971520
617644672
627056898
629416068
637802530
641745034
645400576
671187109
671417358
671619593
672039968
672154336
673195396
680656917
688173057
690503716
694288456
696336520
705167510
706560000
717783048
738198819
738660480
741377040
742467588
755761680
805356656
805454211
805652672
806912011
807601192
807670432
809908224
810567952
813764874
814220316
815800672
831725568
834699332
856686674
891355141
939656772
952107568
973346048
1006635904
1075919376
1075973889
1076368676
1076437066
1077986058
1079116004
1080098951
1081622546
1082393328
1082724876
1083184210
1085147138
1086604291
1091178594
1091573001
1091645508
1091723552
1092759681
1098914592
1099473026
1100089480
1101086816
1107370352
1107843216
1108349482
1108918785
1110638616
1111498921
1111624722
1111704192
1114903552
1115989056
1117801480
1140871558
1140919324
1141130017
1141675520
1141903040
1142433809
1143062537
1143112128
1145597960
1149698320
1149943840
1178666241
1185939462
1208001031
1208322312
1210320194
1212179524
1212809229
1217660964
1217987840
1218453553
1228945410
1228947729
1241516421
1241657364
1241972801
1246234144
1263566976
1278232832
1279557652
1342841112
1344080384
1344293025
1344832068
1346654288
1350598956
1350795777
1358991379
1362395144
1375773568
1384125473
1430364160
1444024384
1476530946
1479102464
1484784774
1522532672
1544061064
1610876101
1610899992
1611735432
1612974184
1614841937
1614947136
1620447744
1625424900
1627390126
1627464707
1627659280
1628055556
1631060608
1677734064
1694566720
1744884744
1745029664
1746403384
1772126464
1795166784
1820352514
1879597121
1880229008
1880359174
1912750092
1921516034
1948287010
1954551812
1979973649
2031093761
2147820043
2151942189
2152136802
2153123860
2155422208
2156333696
2156594194
2160222280
2163218440
2164622656
2165186752
2165328068
2165448729
2165473666
2165844002
2166358373
2166558984
2166637074
2172948514
2181333772
2181448976
2181565202
2182165760
2183143842
2185601152
2189959713
2193621656
2200702980
2214600232
2214822436
2214872708
2214942976
2215264777
2216231201
2216698956
2223031306
2227212608
2227454000
2231435354
2232026372
2248204816
2250249219
2250571816
2253390404
2281709756
2281918470
2282230434
2282333192
2288129536
2290255940
2291158528
2292318467
2295373856
2298503490
2299042048
2307131409
2415966217
2415985045
2416710704
2417508944
2418214977
2419720352
2420180768
2422507536
2425364550
2426414209
2457962752
2467300488
2484146188
2487357570
2516600928
2550432322
2552760326
