81
242
166
20
73
34
74
235
202
17
214
22
35
233
95
55
87
100
234
247
84
185
32
244
109
40
239
27
3
34
227
22
99
132
95
65
5
108
235
36
52
60
107
154
60
87
2
73
2
210
190
49
155
38
27
169
107
188
99
94
44
109
216
179
115
92
113
55
196
88
219
117
82
214
23
89
96
134
216
252
65
20
214
65
11
143
117
212
101
236
79
26
70
66
138
10
10
51
142
126
180
15
150
251
81
14
156
45
38
28
165
198
249
27
150
188
51
189
242
90
185
205
196
5
152
156
204
50
240
211
105
43
165
183
5
176
10
209
171
151
129
156
111
71
171
216
90
28
26
171
63
140
85
4
127
182
87
44
226
137
227
36
185
163
6
114
144
94
94
241
205
50
98
217
41
127
189
83
34
102
198
251
46
216
131
29
251
39
219
19
247
109
125
66
172
99
87
55
72
177
218
207
65
234
108
117
185
181
245
124
2
142
96
249
152
37
86
189
87
89
87
70
192
253
83
37
97
212
202
7
253
42
44
56
15
213
169
115
82
183
40
52
70
113
235
127
182
92
206
53
214
231
176
54
131
162
45
48
23
70
82
222
235
47
159
101
160
19
50
252
51
130
143
164
164
138
131
23
124
169
52
73
132
81
112
115
102
89
112
243
227
181
217
169
56
137
65
124
34
113
173
86
173
101
152
255
175
214
96
52
132
125
85
115
223
123
39
78
181
167
142
213
97
86
65
59
206
29
188
73
95
19
246
47
89
25
213
201
127
23
84
22
49
125
59
34
90
54
190
23
133
227
201
46
39
81
107
165
47
8
135
117
42
36
58
72
102
202
2
172
126
89
245
47
255
131
100
43
49
38
55
69
42
17
253
54
26
237
73
206
95
112
127
68
176
165
73
250
62
193
152
150
43
54
178
10
131
130
150
216
129
129
166
49
6
116
48
217
135
137
111
193
237
112
201
124
252
115
1
239
125
198
10
81
161
71
71
230
134
39
81
148
150
125
39
218
140
217
226
232
156
123
72
137
20
128
103
44
249
137
96
183
169
203
0
36
187
144
177
96
9
103
213
231
153
69
30
155
33
162
252
62
31
99
94
183
154
14
106
167
112
42
2
20
98
153
59
67
190
216
144
187
139
191
194
204
74
33
10
147
26
223
25
199
39
74
214
165
121
142
60
252
23
56
111
131
132
232
22
229
3
55
133
166
74
10
186
130
29
151
55
145
96
205
76
51
162
216
138
227
26
51
39
72
162
250
55
218
127
233
149
143
16
129
18
34
162
143
219
81
106
192
122
182
49
73
164
73
52
69
46
113
74
100
170
73
54
235
231
182
27
82
93
204
212
29
188
146
142
6
211
143
170
60
248
146
33
237
83
1
143
171
253
29
175
202
31
124
149
109
192
43
242
147
97
143
23
82
113
144
111
66
216
157
23
52
36
157
196
18
191
204
255
78
37
39
39
24
56
70
251
28
82
214
194
238
27
28
92
106
131
174
86
96
89
68
49
112
28
26
7
255
140
101
233
94
172
18
208
156
191
72
236
211
117
253
254
120
95
179
159
218
248
55
112
151
142
88
200
86
143
42
29
57
74
8
45
30
27
216
219
151
27
13
29
194
214
223
117
17
179
80
166
122
113
49
12
52
224
191
150
232
164
209
120
244
164
93
111
51
28
227
212
206
73
174
96
229
75
62
200
123
158
103
118
231
255
142
178
112
105
61
81
29
71
125
176
39
80
47
95
35
62
187
113
96
28
255
112
238
87
61
166
86
166
37
124
23
126
8
154
221
59
209
27
227
141
187
183
226
118
141
91
249
249
216
23
73
178
214
23
172
17
190
115
105
47
176
42
28
127
34
209
131
69
174
251
243
83
234
79
191
250
204
28
210
151
234
255
148
57
189
183
145
123
222
175
184
114
63
218
72
74
15
84
26
255
36
38
143
171
141
117
150
154
19
65
75
44
77
235
15
253
210
86
236
38
138
238
136
52
53
129
9
73
93
59
138
87
25
187
88
61
101
79
9
78
32
49
227
80
190
123
48
162
161
47
143
77
134
225
9
227
225
140
161
0
69
244
145
113
213
22
6
47
164
210
209
28
13
66
105
13
115
113
183
59
216
53
32
125
45
78
171
169
96
117
39
20
112
153
211
173
46
119
89
44
118
111
252
103
135
62
147
145
136
230
20
220
232
255
41
169
204
183
254
65
195
61
6
184
214
135
11
29
85
63
86
81
196
49
169
10
81
126
1
210
127
162
103
9
128
81
49
2
23
19
34
186
88
32
109
165
34
147
195
96
255
138
143
144
112
18
218
106
112
150
34
39
149
167
204
52
229
66
245
9
205
101
101
189
9
175
212
19
60
241
68
48
147
111
93
9
151
213
229
112
147
25
52
67
14
212
29
236
206
127
119
156
32
132
41
187
38
148
111
123
117
57
118
251
92
253
143
103
212
252
142
137
165
193
73
20
88
175
116
51
126
154
37
145
210
166
50
72
150
187
185
226
62
187
67
96
176
200
119
255
152
216
57
21
49
196
26
196
196
44
151
169
249
244
140
230
237
178
152
132
176
215
210
48
154
138
143
133
248
109
152
50
47
214
85
109
59
151
131
217
52
73
22
25
26
203
212
198
206
19
26
216
92
124
13
207
43
78
143
183
165
189
107
63
26
75
254
173
78
156
148
95
44
169
72
120
214
49
26
130
194
42
51
85
47
133
94
46
150
228
176
26
174
137
20
8
7
255
62
229
66
127
124
59
135
119
156
199
225
139
71
43
149
187
151
214
145
40
238
32
81
174
44
59
143
209
13
140
47
86
97
115
253
192
103
146
109
191
142
232
36
94
64
169
163
203
25
45
126
190
110
239
48
47
29
124
125
196
193
212
199
119
212
3
54
59
76
235
17
130
143
127
46
106
53
105
18
179
157
163
245
43
117
216
117
142
86
86
2
138
163
65
33
70
42
81
17
183
203
224
213
47
94
63
24
233
94
57
184
91
127
14
211
91
87
81
121
173
243
187
248
129
92
126
93
56
220
57
153
48
94
49
43
35
152
14
8
26
27
225
129
215
192
13
165
24
178
39
158
46
19
2
163
50
41
132
75
27
165
138
39
173
62
246
209
146
214
41
33
70
122
204
72
192
150
196
87
160
81
121
204
14
98
117
138
30
23
24
9
193
249
49
252
107
127
46
75
37
157
245
136
132
45
207
96
55
81
227
210
70
192
233
6
179
251
112
83
148
19
181
175
26
177
184
195
107
92
55
209
51
159
1
70
145
156
146
48
102
86
92
36
17
43
179
131
165
132
93
113
113
152
145
159
51
255
224
182
121
209
207
109
151
6
240
17
127
49
23
72
118
11
107
139
92
193
29
150
210
32
23
53
164
112
187
6
130
127
83
24
122
62
211
70
142
200
49
58
122
204
162
127
185
57
101
225
33
180
107
64
67
175
214
158
99
188
20
216
24
9
137
103
157
175
240
62
80
171
204
177
66
238
37
146
122
209
89
79
13
23
38
70
127
32
214
88
110
46
247
117
55
55
215
98
148
172
235
211
65
134
28
116
178
79
82
121
43
85
72
161
161
195
107
93
145
126
234
34
198
52
14
160
179
86
20
169
178
112
92
145
150
84
125
59
52
41
190
131
220
182
27
185
1
132
112
91
97
71
187
39
147
19
40
81
64
73
63
175
60
137
177
55
9
134
79
9
113
206
111
187
122
217
18
192
241
40
137
11
219
54
154
38
50
216
86
193
55
241
212
93
107
115
59
163
38
112
16
116
152
109
14
48
90
112
124
109
235
112
39
216
19
180
43
229
74
233
51
151
2
213
126
242
104
116
115
207
198
214
189
216
53
2
169
28
201
127
2
61
96
173
83
195
29
62
68
29
122
1
73
51
205
152
187
83
83
95
86
23
6
188
26
55
176
33
255
92
147
4
39
238
220
29
161
167
228
124
110
196
80
3
248
80
37
166
32
95
110
153
71
198
12
55
34
192
189
34
2
10
182
126
193
60
175
206
27
209
90
151
195
125
49
29
95
106
52
173
191
84
210
33
189
81
39
146
213
117
47
71
164
251
7
115
155
209
170
153
48
138
166
189
21
153
236
84
120
47
194
152
213
158
142
154
107
245
39
131
72
20
201
47
78
38
100
143
220
240
209
171
125
170
238
188
40
8
249
101
131
7
186
94
55
130
149
128
214
195
2
147
164
169
17
203
127
246
96
239
117
171
92
129
246
175
10
183
120
255
122
122
247
88
205
59
2
108
54
99
87
29
167
98
52
250
209
58
168
41
207
121
93
122
135
27
219
148
140
120
249
214
148
152
61
41
255
101
196
193
173
218
173
188
218
189
164
219
148
112
204
91
49
4
189
36
182
163
86
17
114
234
183
67
145
132
53
78
171
153
152
73
103
111
184
255
86
17
17
33
72
90
19
200
91
100
216
55
158
115
10
177
112
123
241
70
22
193
86
252
238
210
138
105
185
100
255
208
231
214
79
145
218
160
74
133
36
52
112
157
94
17
19
117
57
138
71
200
210
97
22
89
118
193
1
231
27
247
80
164
201
248
227
192
176
215
47
26
28
154
136
123
149
67
154
62
75
79
22
93
166
216
187
96
244
43
176
249
16
122
232
195
113
167
252
34
39
12
137
227
138
99
214
166
121
45
37
114
87
117
72
223
88
210
26
51
239
212
38
133
142
241
120
135
131
53
237
36
163
193
179
229
6
194
181
164
219
175
177
72
65
113
247
78
180
71
82
50
245
154
190
131
162
182
30
79
160
39
38
211
164
34
122
59
142
34
47
249
123
61
229
42
10
202
51
182
43
83
82
175
119
92
26
40
73
208
124
210
179
162
27
109
189
196
111
236
55
178
123
204
147
204
213
26
38
81
55
250
242
20
110
70
175
160
112
15
6
112
164
52
140
43
55
175
85
249
203
113
171
62
154
2
244
159
202
121
45
162
161
167
74
70
182
86
255
225
175
184
216
124
243
158
13
242
236
214
129
173
117
86
55
217
23
5
224
127
89
132
255
2
145
186
185
25
112
117
86
87
126
70
178
96
133
59
21
79
135
180
117
35
176
133
49
55
47
49
121
131
214
94
164
110
207
116
122
137
248
156
80
134
26
81
163
39
102
70
169
231
182
184
127
70
200
82
106
27
6
128
150
255
134
2
112
187
205
142
120
179
208
92
242
58
203
168
49
41
238
26
229
175
96
131
95
226
114
222
11
81
48
86
39
43
151
125
22
96
107
38
165
138
72
82
169
253
47
154
245
163
85
178
91
13
150
94
83
2
10
5
42
165
196
63
172
187
72
14
132
125
11
103
87
130
66
173
214
38
58
86
205
101
150
214
113
255
138
137
254
19
2
2
199
29
43
22
59
6
3
132
160
241
70
215
200
125
156
126
67
212
58
245
97
209
213
67
123
9
148
73
92
104
134
252
101
17
230
96
21
51
74
46
223
119
115
148
215
67
107
27
171
80
193
226
227
28
0
4
5
51
233
71
16
19
255
227
49
61
210
253
189
127
193
54
29
235
54
158
5
15
211
52
153
28
210
121
203
184
231
118
3
217
94
133
15
79
92
104
150
185
32
179
90
169
167
140
67
218
51
164
136
68
190
245
165
135
37
62
193
204
231
130
52
210
145
26
138
86
15
118
176
178
8
73
204
235
102
145
34
61
152
15
119
23
97
105
132
130
166
30
204
246
188
10
251
181
35
29
152
86
197
100
216
234
242
61
77
245
78
81
121
59
206
214
209
255
91
79
238
121
233
51
97
208
66
1
81
97
151
171
86
88
131
34
167
19
52
49
34
169
2
227
192
60
168
136
45
166
84
84
38
165
224
63
214
163
163
71
58
72
27
27
212
229
37
48
85
161
92
107
25
81
106
255
242
70
59
28
55
255
98
58
226
147
94
32
167
82
138
176
196
191
156
126
148
137
124
240
3
65
113
184
120
212
251
49
99
59
3
116
209
138
178
189
228
5
152
12
152
12
7
107
112
49
184
220
46
162
149
146
227
92
182
213
45
23
152
107
160
179
112
252
207
244
23
48
193
139
68
205
3
127
84
210
201
137
15
97
109
241
178
0
16
248
2
107
237
170
98
42
89
81
102
119
121
96
90
121
161
9
227
86
87
103
142
26
130
64
81
118
49
144
65
61
234
169
112
45
95
94
158
81
235
55
28
81
87
70
252
31
38
202
6
117
102
118
204
58
46
218
97
196
111
8
75
154
77
135
231
105
181
25
92
156
213
113
190
187
45
149
179
55
35
47
252
245
95
49
115
71
249
189
180
91
127
164
120
132
135
190
95
77
146
160
216
143
25
149
39
93
184
75
107
1
218
156
5
71
61
72
48
127
136
102
150
72
113
204
29
65
162
16
48
177
163
184
204
216
81
233
179
49
210
132
62
97
209
155
52
205
84
177
156
230
41
211
173
210
107
138
152
25
27
238
98
250
182
222
76
31
71
109
80
150
151
7
224
71
214
193
39
2
51
115
23
109
124
17
214
67
154
19
37
152
228
15
138
131
22
226
223
197
254
211
78
197
200
132
127
185
243
63
8
148
152
170
71
97
140
39
215
52
129
76
165
22
204
26
101
35
150
143
187
66
131
45
0
76
78
242
208
129
124
120
28
233
76
53
246
234
123
142
193
192
66
32
184
182
168
73
199
216
9
45
114
107
0
204
50
69
70
29
22
52
117
85
227
52
153
105
19
240
154
123
205
255
61
78
245
245
38
249
193
28
14
123
166
79
4
168
45
92
180
252
133
143
125
97
81
224
227
113
159
177
97
69
52
53
113
9
59
131
68
22
187
145
64
5
198
34
81
212
177
73
117
119
105
154
145
10
167
228
212
49
133
176
29
31
95
159
83
44
11
102
6
10
169
125
177
49
163
168
229
157
34
235
47
124
166
118
58
55
138
206
173
122
151
148
183
117
39
46
29
127
96
91
94
219
102
247
151
17
101
1
48
61
219
48
29
29
102
137
89
178
29
15
59
44
136
204
186
140
212
19
104
6
216
138
112
58
193
102
220
156
65
233
78
175
138
132
34
166
143
76
224
3
216
46
115
234
229
63
3
86
105
79
241
241
246
112
190
220
59
102
115
87
163
45
163
138
97
26
114
27
155
1
16
248
228
171
45
148
195
12
40
105
47
210
62
46
29
40
106
95
165
169
182
19
88
164
9
48
152
81
175
158
146
111
235
92
32
98
81
86
151
215
169
87
164
17
84
29
250
149
28
140
156
141
239
55
108
45
48
2
160
26
138
212
136
132
198
135
156
219
181
38
118
164
244
207
36
12
6
101
170
180
125
212
52
228
236
10
45
193
122
192
96
80
216
119
248
164
27
186
202
128
150
27
28
192
51
189
209
110
210
243
106
131
49
143
191
88
147
59
156
224
212
150
55
59
134
173
6
32
254
167
34
192
130
255
105
162
102
98
29
99
247
96
229
61
57
93
181
61
29
6
26
89
2
248
54
53
200
237
30
86
81
216
64
28
17
95
146
175
39
102
209
100
240
252
199
124
252
125
39
232
41
26
47
249
14
138
169
190
17
6
55
226
119
216
55
185
30
241
179
175
179
145
165
52
251
88
156
45
152
47
173
249
113
213
71
128
81
132
7
122
151
168
241
71
17
56
230
250
130
171
201
174
69
10
151
184
34
33
203
156
248
12
150
205
27
38
51
187
244
249
243
23
34
221
255
230
41
39
7
206
157
5
231
56
190
237
84
96
23
177
1
243
57
29
220
93
239
86
219
10
246
147
190
67
231
252
248
159
80
189
162
49
176
78
203
119
166
49
130
65
69
88
17
156
166
225
92
76
210
121
248
151
235
39
216
220
97
224
255
20
154
20
217
177
181
102
138
29
65
159
55
113
243
32
85
81
102
16
37
96
103
136
67
229
255
210
103
109
218
149
153
2
215
165
94
76
244
12
55
214
109
243
51
205
244
175
129
204
138
113
80
49
61
107
13
203
36
6
107
73
135
84
193
39
22
93
214
113
81
227
208
214
216
73
2
145
190
172
2
151
138
83
220
92
131
225
0
218
51
255
9
123
39
20
92
185
175
125
252
152
200
113
28
65
83
29
80
67
164
6
107
159
47
49
199
127
1
249
170
211
33
155
34
212
155
182
83
176
232
54
95
41
29
110
69
230
111
209
169
252
141
111
141
157
28
230
78
24
84
170
209
210
74
248
202
48
34
244
162
162
105
106
2
71
255
212
255
255
204
42
218
212
209
73
229
77
53
143
58
29
127
14
63
99
145
216
168
213
79
22
251
180
47
57
61
27
192
216
0
188
199
59
201
23
72
95
110
112
201
52
41
3
19
210
116
17
17
252
105
1
220
69
132
15
181
238
156
16
168
79
54
74
39
85
171
164
169
10
173
79
158
149
151
47
162
110
227
151
66
205
121
237
222
117
54
200
96
115
233
210
25
153
178
90
49
160
110
35
79
160
124
226
12
92
211
121
247
33
134
235
176
28
166
97
93
62
186
61
184
15
107
161
206
216
141
60
9
193
90
42
110
118
221
213
115
147
72
132
3
20
155
39
192
37
253
227
100
118
138
59
23
120
163
210
100
255
202
179
24
226
239
36
27
205
210
54
154
93
132
152
60
169
28
67
23
164
118
225
2
165
177
192
210
47
34
168
1
2
47
23
2
51
200
49
214
111
105
241
151
70
156
69
221
66
103
95
229
109
77
39
61
119
194
194
89
58
138
127
165
159
94
152
121
141
21
89
141
119
17
207
91
117
60
249
120
198
68
124
228
156
160
93
6
130
0
219
49
174
146
214
36
76
212
194
5
220
131
79
46
42
97
63
232
156
83
26
234
16
216
76
234
29
29
103
149
131
176
45
39
25
83
254
29
203
125
47
106
149
107
183
142
119
164
151
43
243
213
72
239
52
191
185
177
241
93
43
216
247
10
175
141
235
68
182
80
115
97
162
68
233
210
240
161
180
28
39
151
38
64
118
113
43
17
120
245
211
191
106
10
80
91
87
226
248
58
210
74
28
142
202
134
52
231
142
163
67
113
6
1
100
249
130
88
28
209
206
120
113
47
173
227
177
55
216
75
138
230
213
246
227
43
17
133
43
248
40
243
255
102
88
81
135
141
148
140
29
68
53
174
230
131
11
131
167
218
68
122
37
101
129
89
23
161
249
116
41
184
16
48
123
16
4
204
92
216
1
118
14
167
6
79
209
129
29
248
39
115
57
74
121
7
42
91
149
141
132
110
6
138
183
234
32
182
83
198
81
84
66
75
1
132
99
126
120
92
17
192
129
139
99
228
177
200
123
106
173
37
192
92
198
252
196
224
46
133
129
193
146
50
41
111
7
29
82
194
88
248
74
252
66
212
85
187
156
247
241
210
95
50
173
130
237
4
189
79
147
54
252
166
65
236
239
90
244
66
42
175
185
226
85
115
186
12
31
141
164
27
21
144
156
7
152
249
184
219
221
255
111
66
225
69
13
164
159
93
70
116
9
182
159
255
150
175
112
105
138
105
8
80
57
147
20
28
28
15
66
117
83
99
10
128
171
113
210
6
224
5
10
184
70
219
142
139
12
209
145
154
194
96
208
86
176
102
111
19
220
126
55
45
249
234
210
45
51
39
255
138
113
22
205
212
88
101
138
117
87
254
107
255
123
71
112
16
232
72
5
112
227
226
95
51
231
17
216
242
160
100
71
173
152
197
67
138
196
164
43
204
181
4
153
65
93
167
91
16
58
238
79
125
30
117
175
84
176
216
124
59
89
10
10
249
52
6
154
112
148
170
188
235
143
62
193
252
101
231
177
65
149
218
29
80
243
213
108
16
137
47
235
185
59
91
112
204
169
15
52
162
118
200
121
85
27
37
20
59
58
236
111
55
199
26
190
40
159
132
143
29
100
7
224
111
47
0
33
17
125
7
114
164
247
47
243
35
205
122
110
113
63
160
82
255
33
156
6
255
160
167
200
254
87
70
103
26
192
135
66
92
200
157
159
115
10
2
83
96
236
36
59
37
51
128
2
238
255
73
86
73
169
188
194
73
5
154
7
22
212
126
134
35
43
71
17
152
73
76
74
198
186
9
235
207
151
76
210
230
131
171
200
232
149
86
9
192
71
5
171
53
155
168
247
192
56
231
8
129
157
7
42
94
52
187
246
19
15
155
217
200
160
113
117
155
30
72
194
58
17
209
185
5
194
42
234
137
86
181
113
47
66
91
28
253
229
1
107
79
67
253
212
111
191
105
51
59
28
212
202
169
60
93
85
49
61
152
110
76
144
124
73
101
117
154
25
128
66
172
132
0
151
147
45
2
66
193
139
45
41
214
247
152
191
65
22
247
65
43
143
129
185
187
78
61
215
32
195
148
142
38
96
247
59
173
195
23
179
28
17
196
211
138
71
83
8
171
98
69
218
169
100
65
59
171
58
162
95
114
3
51
161
150
90
125
185
118
104
117
199
131
250
215
188
184
102
254
84
22
206
225
112
113
197
73
171
42
234
128
76
41
175
201
3
100
150
45
63
22
86
144
96
155
82
43
90
101
33
215
2
216
93
50
220
14
75
16
206
193
12
15
247
103
134
59
248
87
243
242
75
231
6
127
173
164
196
239
150
241
227
33
149
191
112
169
63
182
175
94
107
2
152
163
169
93
175
182
96
154
14
71
60
144
76
215
97
155
36
76
131
33
41
129
0
80
207
169
24
169
167
84
140
210
185
172
85
232
191
184
62
18
9
198
35
34
194
181
19
29
15
69
169
127
92
153
85
216
84
209
111
210
111
112
145
188
137
92
209
143
138
59
186
120
107
183
207
209
1
173
41
34
173
123
85
233
20
255
175
22
22
126
241
101
14
117
39
72
60
242
175
183
64
6
160
154
118
122
4
184
69
67
39
35
125
138
28
62
130
183
241
58
54
138
184
130
54
231
195
210
42
91
93
231
245
190
227
128
131
240
185
96
189
61
72
230
181
3
29
30
192
187
62
5
178
207
10
163
253
204
191
9
200
254
106
235
241
48
208
8
13
52
201
58
222
76
109
212
216
92
202
158
103
73
191
52
14
169
33
101
39
120
52
146
160
96
43
2
126
131
112
86
228
21
20
124
90
255
222
18
214
216
22
50
239
27
190
213
10
72
200
74
65
245
108
160
4
32
54
120
123
196
102
68
59
10
27
187
178
39
253
47
221
194
160
182
32
41
17
95
66
92
21
169
141
49
201
175
55
189
6
105
127
2
162
120
161
163
137
185
155
253
11
9
38
140
14
88
20
109
138
248
173
252
93
147
26
83
28
220
95
118
236
112
150
78
180
41
183
125
224
104
20
119
204
60
176
185
196
111
201
77
120
72
198
97
86
183
61
171
111
49
214
90
175
23
22
55
41
125
32
229
177
181
35
64
54
1
150
237
167
112
2
255
52
249
33
59
109
39
143
55
100
93
76
250
253
244
225
207
149
138
88
22
187
2
174
65
243
212
131
143
111
211
149
62
92
196
236
68
160
218
103
66
83
242
140
132
6
215
86
78
61
59
36
47
4
206
15
181
54
62
25
132
71
124
51
37
196
129
190
189
198
170
248
192
128
7
162
121
252
50
133
113
212
132
106
179
47
239
78
121
156
82
58
84
179
179
155
121
106
210
168
210
55
15
188
213
78
88
72
225
50
123
122
111
121
19
13
1
138
33
213
219
62
156
234
109
3
2
15
169
172
173
185
110
173
112
102
232
89
24
124
106
217
219
199
215
26
92
126
37
92
44
1
2
159
241
226
210
231
123
126
48
23
168
136
101
169
210
129
56
46
34
211
112
69
207
129
204
92
164
120
231
125
185
145
147
36
37
122
237
236
169
216
225
106
72
32
121
150
154
121
152
122
17
93
92
185
214
43
224
78
176
90
152
189
96
140
206
55
78
160
33
57
211
49
16
185
20
20
122
249
198
97
106
169
42
225
212
243
200
22
223
115
206
185
47
217
123
85
180
241
157
93
187
12
164
96
52
55
6
162
59
153
39
106
161
2
109
123
142
107
102
255
162
151
125
208
182
221
74
162
236
77
169
83
102
88
227
2
68
112
78
29
231
76
54
164
252
251
11
175
216
167
54
182
50
93
50
110
163
112
158
220
6
189
6
231
161
243
55
43
255
72
184
50
19
131
30
43
30
207
49
206
212
140
55
92
96
135
117
194
93
214
85
202
198
173
180
76
167
70
131
242
150
231
97
23
213
233
52
131
148
217
150
16
175
181
226
144
86
110
187
169
80
83
165
20
204
206
129
210
129
164
209
192
178
52
212
51
16
68
228
206
73
53
196
216
145
63
215
163
253
28
152
41
163
135
73
85
250
109
120
83
6
155
93
81
253
168
253
152
205
213
49
234
245
150
50
140
70
43
125
73
244
62
154
206
118
196
177
17
146
130
49
136
91
197
178
183
26
9
180
192
214
75
51
227
35
92
140
160
56
183
232
51
176
161
92
254
96
227
93
138
164
151
164
130
79
235
97
255
153
13
171
66
254
168
34
140
52
142
20
147
136
60
192
177
207
73
183
9
187
164
55
76
2
0
158
22
39
154
105
92
119
34
136
15
28
147
51
119
42
37
11
214
127
136
221
42
142
111
33
74
211
174
44
136
169
209
138
129
29
215
154
81
192
91
61
213
94
226
51
85
19
240
1
112
84
231
198
212
55
32
90
45
73
8
233
161
126
19
77
213
230
65
190
219
137
26
130
142
68
169
175
183
138
105
253
22
88
175
125
60
158
51
1
145
223
45
115
28
6
138
125
71
192
243
6
225
223
82
32
150
73
107
193
116
28
87
131
214
173
255
147
8
10
222
121
252
138
60
187
23
49
30
10
210
194
142
20
215
38
87
212
83
158
142
204
27
136
184
17
225
196
148
167
162
47
65
7
149
212
79
134
97
73
34
214
109
151
149
64
124
76
72
132
37
135
41
249
169
48
24
245
27
68
62
181
121
204
131
45
78
190
77
174
112
48
204
37
204
41
141
255
1
167
55
225
220
157
244
184
231
48
126
254
12
224
62
94
163
138
187
216
32
82
182
104
122
6
34
173
6
204
6
63
191
194
130
161
109
13
198
68
46
37
161
144
65
239
5
86
20
243
246
224
50
255
122
147
23
226
145
55
204
213
107
249
221
120
122
143
87
94
178
77
2
105
24
63
22
190
121
143
243
229
132
65
196
112
162
131
16
85
124
113
56
139
118
91
92
111
20
123
64
29
169
57
51
66
55
59
46
145
47
161
112
125
197
32
216
255
230
178
141
182
209
81
100
87
217
72
151
170
92
134
51
185
79
26
95
61
76
51
214
173
169
219
67
248
13
164
93
6
140
119
4
86
225
138
214
227
25
2
122
149
30
34
245
65
72
162
38
12
2
245
138
101
145
193
244
4
92
235
164
133
155
127
250
241
127
209
220
255
45
234
15
66
162
175
61
236
70
142
165
114
180
246
96
107
83
114
255
146
195
216
115
197
107
233
126
153
123
94
248
2
174
62
52
149
159
218
58
6
134
252
137
117
110
1
118
26
243
152
25
26
132
60
192
92
80
208
189
133
186
17
126
119
115
243
89
15
216
52
23
37
229
100
55
243
170
255
109
108
204
184
6
103
71
34
76
156
138
133
28
190
251
123
96
231
53
125
149
103
92
54
29
130
64
55
156
92
37
50
176
77
138
163
238
173
135
166
68
81
83
82
129
55
189
165
236
181
195
1
18
42
214
135
113
138
101
147
92
65
25
28
141
169
41
116
215
22
90
210
160
240
165
216
204
237
70
117
31
44
20
203
90
79
227
23
151
24
126
214
48
126
165
51
163
29
97
161
53
109
59
9
176
59
239
37
164
23
218
156
171
176
27
96
149
225
26
12
81
114
163
191
22
239
32
92
6
93
122
2
102
55
176
123
165
3
163
166
69
161
166
26
145
161
132
214
89
103
153
29
32
175
98
243
169
84
79
153
135
119
172
86
177
75
248
62
0
102
111
229
6
152
149
116
74
51
192
142
27
167
148
73
43
255
72
45
148
218
158
83
243
115
215
6
169
10
6
109
105
189
152
196
179
65
56
29
87
61
126
26
9
170
112
216
170
86
134
208
50
164
76
255
204
159
126
205
89
151
59
78
117
112
47
18
193
84
51
227
138
213
214
210
229
60
76
137
241
131
7
19
130
150
166
194
182
20
107
152
253
51
6
252
202
92
42
138
255
31
72
164
107
185
127
148
87
35
119
81
214
150
9
110
92
74
236
23
226
132
200
55
219
60
169
99
128
51
77
44
196
92
138
1
237
239
112
2
66
57
129
131
216
196
95
244
0
54
117
238
97
42
81
23
78
34
72
202
8
191
194
79
225
119
22
143
53
116
85
161
113
216
45
108
203
107
9
111
75
99
32
157
19
43
79
192
103
62
209
65
154
103
113
28
37
40
23
42
173
10
30
152
212
160
74
36
20
26
6
35
229
171
231
227
213
58
72
219
37
130
180
173
115
20
134
42
60
192
49
35
90
49
78
242
245
105
174
74
145
230
34
112
39
59
92
48
248
235
200
28
206
27
41
193
90
9
157
204
59
6
99
53
73
188
164
4
228
59
55
117
184
147
81
149
7
236
52
252
185
210
35
176
130
55
239
156
160
121
223
39
177
182
66
51
143
83
209
138
129
121
219
231
94
253
75
88
6
213
235
65
245
47
68
239
238
200
205
74
186
29
127
54
187
231
137
175
172
41
132
77
92
71
81
67
42
125
107
6
159
37
112
251
159
83
41
240
57
102
214
181
58
132
176
174
164
39
180
58
243
86
146
113
176
61
59
222
79
96
214
20
194
35
15
12
154
3
92
2
62
146
50
137
151
82
132
41
182
177
55
167
39
195
84
158
117
88
145
36
163
101
100
145
79
193
95
105
49
169
244
59
255
29
237
190
107
49
14
184
209
249
140
208
41
190
49
2
122
19
200
255
143
203
149
155
7
186
246
103
132
184
72
226
52
26
249
2
214
97
50
52
210
29
100
56
248
255
135
200
71
161
133
60
17
216
127
9
215
45
159
190
127
29
254
142
175
241
163
96
181
71
59
204
238
170
65
60
250
54
170
169
231
86
252
120
210
121
28
216
125
168
21
35
171
64
56
228
29
88
39
146
86
15
110
243
41
15
91
103
199
23
97
176
101
22
105
72
12
214
16
124
88
45
235
164
132
157
132
171
107
226
243
255
238
198
214
146
9
121
212
103
173
28
212
122
4
152
143
164
87
58
162
14
105
213
214
117
44
137
83
120
223
67
10
63
140
119
113
31
38
132
27
94
182
107
73
33
135
66
45
69
55
209
48
13
3
204
127
69
24
251
168
105
151
109
56
243
151
52
255
1
227
23
61
20
225
26
29
173
97
154
83
117
194
175
11
58
88
119
11
86
39
249
248
171
21
224
226
171
7
139
107
109
8
81
205
241
206
194
9
37
31
132
126
49
102
128
233
84
173
86
220
70
7
126
231
73
183
83
19
253
115
92
78
119
241
249
41
137
178
41
193
5
104
31
13
184
131
253
115
20
165
55
70
199
136
6
241
84
252
237
207
254
80
23
115
72
206
92
108
230
5
61
185
188
145
97
91
85
225
75
233
177
10
227
27
215
194
207
118
87
193
148
128
86
210
132
195
107
51
92
48
52
103
190
215
255
180
103
221
206
23
29
62
83
13
173
92
169
79
122
116
115
66
77
232
182
6
34
21
231
198
150
9
70
218
235
187
96
40
170
124
60
39
177
81
48
164
102
9
129
45
235
45
80
22
150
224
49
92
244
89
106
49
241
65
219
123
107
110
248
43
207
96
81
150
2
159
193
183
10
96
210
72
138
19
67
150
224
209
91
28
13
5
205
231
111
20
33
244
7
22
173
84
204
98
151
73
78
79
5
226
22
210
60
171
142
211
70
0
88
120
116
71
15
169
154
63
3
76
6
155
166
112
152
126
52
255
204
36
9
252
169
100
26
243
156
10
120
29
111
156
123
81
192
87
117
166
21
171
91
76
28
181
230
54
233
204
137
147
145
10
79
175
204
130
8
217
122
171
89
166
107
115
105
122
46
147
160
25
105
200
102
193
204
58
200
199
165
92
152
70
234
72
150
173
145
43
161
142
176
74
115
105
0
23
9
71
213
82
37
10
143
35
46
179
195
227
195
43
224
188
82
177
15
183
138
134
243
76
114
128
41
58
78
225
11
180
86
106
28
20
26
81
131
146
60
181
107
237
96
35
22
57
195
192
249
34
150
115
29
109
197
157
76
185
33
141
32
90
2
96
80
74
87
160
0
196
255
90
187
37
195
105
179
5
0
213
88
167
186
11
0
112
235
108
107
85
113
127
212
249
177
76
121
85
161
235
237
150
226
122
138
50
219
255
112
39
62
235
60
85
205
25
252
143
206
106
132
111
82
127
217
150
30
125
111
86
69
216
227
99
197
248
150
66
145
180
34
93
131
102
75
113
56
210
159
174
99
131
126
177
20
213
46
165
130
184
169
147
133
143
124
146
197
205
4
84
6
82
158
91
36
175
225
159
56
1
216
246
52
71
34
255
163
65
231
180
251
46
152
140
117
77
181
252
213
112
184
36
189
86
254
35
63
210
102
72
146
149
34
218
8
64
81
144
51
152
147
255
93
131
143
41
184
157
183
181
36
6
192
216
175
200
159
151
106
44
92
3
95
215
106
75
85
211
19
214
74
39
138
100
151
200
67
62
28
41
11
6
89
69
213
79
234
200
225
215
112
124
99
153
212
9
79
9
117
57
65
118
168
34
17
214
130
120
131
15
246
5
119
152
228
71
146
195
210
189
85
143
89
11
248
149
94
255
10
125
34
235
6
102
248
189
138
172
160
45
119
24
176
113
245
155
34
199
216
186
228
87
231
115
89
104
247
39
180
140
154
98
212
73
126
196
139
175
51
75
134
151
100
210
143
155
34
81
224
112
162
242
177
109
168
156
231
83
211
6
13
19
213
79
169
214
190
49
49
106
33
105
190
9
77
32
98
212
205
85
26
204
208
87
45
109
63
65
210
70
227
66
118
10
115
163
41
51
243
70
246
142
101
57
131
63
251
142
90
236
122
79
214
140
6
109
83
123
0
162
197
213
169
117
184
227
51
223
36
152
117
214
135
134
197
218
235
127
83
151
243
217
22
162
149
28
133
238
51
211
196
28
42
102
79
105
205
224
89
223
193
243
121
202
223
73
52
87
55
149
255
216
89
72
252
164
91
83
9
117
131
225
89
225
48
111
145
118
150
7
233
173
223
13
169
107
19
45
68
2
227
14
49
203
88
85
44
241
171
225
169
248
73
2
144
89
50
109
33
18
27
1
197
142
167
214
49
184
138
113
34
48
123
155
144
87
92
113
171
96
123
91
13
40
170
254
4
127
60
25
80
253
174
164
150
158
242
167
76
143
55
76
56
36
69
15
126
86
138
194
66
193
179
197
215
205
94
133
92
151
189
133
110
202
144
95
175
249
30
152
187
251
112
32
230
131
160
194
212
239
180
106
38
180
22
5
244
65
94
247
180
51
56
33
157
210
226
236
210
239
191
249
34
17
78
10
15
155
214
91
39
147
17
190
75
38
70
178
234
187
174
61
241
175
60
196
150
152
92
5
31
107
247
38
212
252
37
243
2
129
83
125
123
246
43
147
75
69
254
33
226
139
65
115
46
85
24
151
43
103
221
60
187
27
154
112
41
202
46
120
127
134
55
149
172
124
193
0
48
143
250
43
199
132
47
164
59
186
7
49
207
90
73
71
10
61
164
207
50
2
239
112
94
185
13
215
80
134
27
155
51
179
123
244
86
119
133
36
82
144
235
59
211
39
151
67
236
172
35
158
96
85
19
190
45
183
175
132
210
161
58
244
58
2
78
100
255
247
2
24
122
151
39
238
51
202
212
44
216
102
213
38
106
158
39
232
6
16
142
111
38
233
199
49
214
212
252
81
164
109
29
52
219
169
75
6
157
193
111
0
138
129
112
4
111
47
128
112
245
83
244
188
81
28
167
111
5
82
169
140
189
248
15
145
96
33
85
154
238
32
38
4
138
98
196
11
2
193
103
176
136
216
128
201
89
115
117
209
17
255
255
149
189
123
215
178
3
209
22
248
106
17
210
204
40
65
169
57
215
90
8
52
55
101
112
244
136
32
90
51
198
55
1
141
164
209
162
23
228
1
37
235
205
134
244
49
247
7
44
155
88
110
32
61
36
72
89
112
91
0
47
130
107
229
206
143
103
167
191
86
107
217
245
29
187
8
46
130
162
85
148
103
70
122
140
229
195
205
47
72
234
21
155
2
216
163
206
225
145
23
2
184
88
55
82
243
34
103
124
203
244
130
231
213
109
84
1
169
218
138
237
99
226
248
158
187
95
170
169
159
169
9
118
160
83
95
149
77
169
233
161
47
169
203
128
181
80
120
132
52
235
0
40
24
96
205
111
186
91
112
119
80
86
252
255
100
32
27
171
49
33
93
171
63
111
216
57
46
81
106
139
203
191
180
97
134
80
43
151
252
154
37
249
169
69
230
80
232
130
2
215
11
55
187
226
39
79
208
55
6
50
179
230
132
97
247
142
171
169
205
255
143
42
102
156
37
210
214
83
19
140
124
220
138
228
90
2
56
52
135
229
5
148
214
164
112
23
28
6
175
109
230
241
243
64
188
10
29
171
203
130
27
241
52
160
43
45
73
47
64
235
6
169
246
51
106
26
125
164
30
74
205
73
149
24
140
150
194
187
253
171
103
255
50
187
88
153
185
28
42
245
43
77
138
6
60
255
239
254
62
119
175
255
182
90
22
167
165
183
236
114
92
94
5
207
160
60
123
51
244
174
165
183
98
247
67
8
19
253
39
71
147
189
238
254
59
17
235
223
10
103
78
238
12
81
83
148
28
15
151
193
38
59
14
214
193
37
247
150
20
170
86
9
175
142
110
45
206
186
27
0
49
156
85
81
39
7
160
59
105
177
77
2
115
176
164
52
186
167
214
86
60
239
30
196
215
31
90
73
10
118
180
5
126
156
179
164
39
175
245
136
51
240
143
25
175
119
83
55
86
29
53
169
96
114
90
149
164
129
97
60
245
104
249
69
29
255
1
198
14
112
111
216
131
132
5
206
213
198
9
73
81
216
39
210
61
113
171
218
93
143
212
23
152
33
61
204
224
52
9
39
96
128
39
229
224
107
13
249
116
49
82
49
5
221
154
94
85
112
219
111
159
41
165
176
40
39
6
128
27
196
179
51
79
28
149
71
102
2
226
193
122
177
189
141
184
237
90
183
49
212
242
178
210
90
140
6
181
112
255
69
209
216
85
65
90
39
66
25
49
193
87
208
224
171
83
180
111
94
217
156
60
166
47
176
207
90
213
157
156
89
135
154
160
103
166
32
199
96
0
223
103
198
126
115
202
26
198
137
210
193
52
80
58
64
149
190
136
126
179
11
112
131
27
32
105
134
115
233
7
175
41
6
203
11
32
55
125
110
108
49
61
212
189
163
180
235
6
178
104
1
86
73
92
140
39
19
210
197
181
204
89
1
31
115
196
205
50
212
32
252
76
67
202
166
158
30
255
224
234
96
42
61
255
131
72
151
248
51
29
126
84
142
6
98
191
183
254
141
109
52
144
87
17
193
86
171
72
230
138
29
75
117
121
55
164
8
49
73
189
183
52
187
147
112
105
102
245
235
31
131
112
252
210
159
15
159
114
215
255
49
105
143
208
137
158
197
127
130
49
160
6
61
136
229
46
1
161
217
242
160
123
58
226
187
118
222
1
164
209
124
235
123
115
60
102
227
100
146
253
113
101
165
229
204
83
29
106
71
98
29
246
143
184
58
161
247
20
147
197
79
90
175
185
43
157
2
59
222
218
218
252
47
32
169
239
29
150
243
210
91
72
85
55
147
103
19
211
163
141
16
221
211
181
138
245
138
50
118
238
235
254
81
17
111
209
214
193
169
208
90
126
164
90
239
126
90
208
57
59
145
121
20
98
1
193
117
40
83
212
80
67
42
9
188
252
20
215
255
35
135
117
46
237
26
53
97
14
101
223
220
129
177
213
243
68
163
239
229
154
158
101
129
34
249
158
232
55
66
72
200
39
172
194
73
93
196
134
112
237
196
223
218
142
90
144
213
158
96
200
224
200
49
217
167
249
157
73
152
4
69
14
112
70
193
104
113
11
109
78
85
118
229
116
47
117
23
206
79
86
39
29
53
32
166
102
101
83
43
72
123
62
173
9
237
10
210
239
106
233
61
138
7
20
93
26
6
55
216
150
26
234
49
122
163
73
243
97
69
183
44
122
196
172
82
45
208
138
237
122
52
59
191
45
175
176
103
70
217
118
173
230
146
250
138
41
29
95
137
195
96
11
2
77
6
67
100
216
130
222
253
61
58
237
48
144
76
162
152
107
41
2
154
127
147
228
55
173
109
125
212
213
103
151
193
92
81
10
60
112
115
59
111
93
205
247
191
31
142
61
216
250
140
152
97
209
23
193
103
22
176
90
138
131
55
94
36
221
46
185
24
56
111
10
86
150
45
191
44
203
200
143
66
171
77
72
31
217
210
148
206
212
188
189
240
226
76
73
230
70
46
113
11
55
164
194
244
44
97
183
199
87
46
109
217
132
90
181
98
218
30
124
198
132
205
25
138
138
90
73
146
11
201
127
21
243
55
30
69
50
224
193
126
117
192
227
8
75
190
1
173
177
188
145
81
248
165
59
136
246
189
125
37
66
95
211
81
178
23
204
12
141
52
250
242
63
92
125
35
232
162
28
10
162
237
6
241
82
66
246
252
83
255
110
105
50
25
157
219
229
193
135
216
12
69
52
66
48
164
23
162
99
236
37
122
29
183
253
196
39
132
36
47
176
28
152
17
18
173
173
92
212
7
138
148
194
70
45
71
125
133
79
86
152
85
10
112
128
10
41
161
57
226
115
76
66
80
166
0
83
180
2
216
188
200
175
147
114
23
73
152
72
158
10
251
28
22
138
232
10
172
71
84
86
29
255
48
173
120
189
47
34
56
43
109
231
210
251
209
49
116
216
50
191
29
29
173
190
44
203
34
95
14
130
7
43
85
38
71
177
52
57
181
181
200
199
202
177
111
169
210
216
165
147
75
45
252
181
238
71
202
127
96
83
147
107
135
208
101
121
174
210
78
154
44
137
175
80
9
209
131
6
216
10
18
66
61
37
251
147
39
145
213
175
229
55
92
106
233
194
2
19
231
246
148
74
25
153
156
232
178
169
12
140
155
81
206
70
122
68
91
145
122
243
248
141
63
110
29
152
229
24
65
122
231
14
255
76
209
102
26
164
239
247
39
145
227
86
181
157
19
143
160
95
59
96
88
58
105
94
250
250
96
86
56
120
138
178
177
166
191
204
73
225
154
92
71
162
207
90
176
12
151
210
72
85
119
194
103
93
91
29
190
156
185
166
143
55
13
143
153
237
41
20
47
199
153
107
92
15
132
78
212
171
180
141
47
124
23
81
193
105
160
194
204
207
51
195
201
183
65
9
57
208
59
138
246
20
111
42
28
147
173
111
191
51
252
60
27
140
156
246
107
171
204
173
49
108
247
83
212
134
48
26
153
224
80
26
174
203
175
182
76
29
90
6
76
69
126
117
212
54
155
165
189
228
42
140
9
193
47
72
59
168
196
116
61
106
103
184
180
149
168
202
164
66
17
43
134
204
25
124
156
117
234
208
45
17
125
246
182
48
48
230
135
247
177
87
127
144
20
210
138
47
106
229
220
184
74
252
41
178
81
214
220
218
112
187
80
207
154
97
71
69
100
225
103
132
126
73
179
58
43
171
227
79
169
245
107
106
209
159
63
207
87
216
222
17
143
8
60
43
51
146
112
76
123
46
13
113
7
120
171
179
150
17
84
1
183
49
126
9
161
23
102
10
191
124
138
47
152
109
185
178
218
97
113
53
153
65
63
43
47
241
131
125
246
112
98
61
4
13
178
131
193
196
53
180
55
173
74
144
59
94
25
144
209
113
102
25
44
27
47
196
200
188
45
193
224
111
70
113
55
158
125
148
193
111
115
134
108
54
24
27
48
206
200
17
113
185
255
106
193
177
134
226
88
229
17
73
194
140
189
80
189
228
229
38
218
248
79
165
150
214
211
86
175
194
22
143
14
32
212
164
65
171
41
129
55
47
192
204
117
87
232
92
49
241
171
5
58
207
28
97
249
92
33
250
42
232
187
180
63
54
121
51
206
181
216
46
74
51
118
176
240
127
176
187
34
218
176
149
133
41
191
52
50
10
40
7
196
122
96
156
152
204
193
114
62
247
46
90
129
152
106
118
1
29
107
164
96
38
171
105
7
62
191
25
228
22
143
237
46
187
80
97
136
163
216
114
87
136
106
71
198
234
74
51
197
248
224
59
247
60
39
113
142
42
171
213
209
248
51
88
164
166
105
231
142
150
164
60
204
162
146
154
40
4
200
142
34
204
118
123
76
247
9
171
17
198
76
120
26
132
144
27
175
135
175
255
37
188
182
84
76
141
28
6
167
39
253
44
35
16
77
196
93
109
55
50
149
38
147
132
144
59
62
251
60
38
171
41
10
163
233
97
88
85
82
8
160
235
225
168
194
193
49
243
202
72
101
71
178
102
19
193
95
236
253
124
252
180
231
204
183
47
92
17
212
130
76
125
127
132
252
152
22
70
125
131
167
251
39
184
19
32
222
203
190
177
34
46
210
145
94
43
47
84
88
107
10
106
25
112
52
121
212
97
164
214
178
142
231
38
223
1
151
49
72
74
62
23
41
122
92
157
129
178
97
24
140
45
32
118
34
210
111
99
22
37
190
211
252
126
39
28
132
255
248
177
13
159
2
156
2
206
7
66
71
92
16
101
243
178
147
241
204
7
39
144
246
32
71
248
112
204
192
83
90
83
206
93
178
39
110
133
212
104
190
204
11
34
29
107
54
198
226
125
198
22
52
22
136
143
12
128
244
64
28
132
162
7
132
52
1
76
86
175
109
216
175
130
130
45
238
229
142
83
119
23
116
51
212
171
100
220
87
199
103
66
58
49
164
191
78
150
251
76
95
22
10
211
43
214
246
236
141
175
72
73
63
141
60
196
148
246
139
182
164
148
123
87
161
89
9
75
79
243
139
39
20
233
142
185
209
147
91
145
229
169
35
251
18
186
67
35
251
24
189
74
32
149
245
134
48
155
112
52
117
74
192
13
196
148
207
49
87
224
207
87
79
146
76
249
154
7
120
119
47
55
96
151
55
218
203
6
75
198
172
121
71
214
14
216
45
221
191
114
177
92
51
80
50
101
37
151
80
151
138
107
239
67
126
164
2
50
195
126
216
250
146
32
205
21
224
208
177
188
6
167
143
212
138
237
152
149
172
156
126
160
103
218
34
169
56
41
102
191
106
6
47
29
185
210
4
2
153
48
49
49
52
80
85
104
30
228
216
53
111
46
170
97
252
75
191
84
119
152
185
57
248
89
72
72
5
90
17
107
11
213
122
81
14
99
47
212
165
192
113
66
67
162
45
73
125
66
71
124
249
86
172
154
156
176
56
122
72
158
96
2
55
234
33
61
94
96
41
80
128
115
95
252
238
190
11
23
99
217
31
166
121
19
152
51
105
196
141
73
23
212
87
151
103
193
66
193
172
165
64
198
135
24
161
253
204
31
127
143
15
242
196
219
148
63
75
26
145
96
94
56
0
140
57
213
253
36
183
19
72
128
111
29
154
33
64
108
104
29
7
2
153
247
189
109
87
103
27
55
29
126
204
14
112
39
127
245
52
87
20
26
115
193
86
117
62
159
214
214
64
12
95
225
22
28
27
32
132
11
149
178
144
109
9
155
7
117
97
129
26
154
66
161
50
209
163
190
51
109
185
13
67
58
78
146
215
196
36
131
123
162
143
22
80
92
175
246
104
54
27
167
235
185
192
60
119
77
165
164
54
188
17
76
39
124
131
252
111
60
37
150
177
183
117
228
148
6
70
36
150
92
43
29
64
118
188
131
239
63
106
125
37
76
216
133
33
195
193
204
72
4
210
124
129
148
11
51
23
164
143
52
232
224
166
49
246
10
134
96
62
47
29
184
189
95
72
239
142
178
13
163
43
33
162
231
198
33
151
47
187
112
150
78
53
76
126
49
129
5
1
25
171
183
169
164
77
233
92
136
59
123
15
39
112
248
17
149
12
133
45
81
71
206
155
164
158
241
46
130
103
82
40
255
128
70
120
93
29
6
121
233
187
23
174
58
178
73
55
80
21
115
51
250
96
43
67
2
234
173
2
175
126
183
110
213
240
1
142
156
9
131
8
52
78
136
148
39
149
111
231
75
122
101
130
2
248
0
156
189
169
33
96
63
85
121
120
9
83
252
169
122
126
31
195
225
217
221
73
140
66
246
20
100
81
106
103
252
34
200
59
197
140
93
16
141
226
183
149
182
171
166
200
120
178
23
117
230
151
72
150
11
99
70
164
196
178
133
27
61
29
118
210
181
14
193
98
39
24
84
107
158
129
51
102
143
225
72
222
39
5
246
112
148
70
125
93
89
210
8
164
216
156
125
73
175
252
166
29
1
138
154
214
174
188
70
98
151
39
32
130
155
34
47
164
39
23
62
82
136
90
106
189
185
254
29
210
162
150
55
39
117
10
98
10
28
121
144
143
39
40
195
138
23
193
9
255
39
203
159
132
153
61
49
216
53
119
32
149
164
109
1
127
212
213
138
28
209
3
141
196
244
186
79
177
100
32
22
60
39
113
59
152
90
27
0
12
45
6
43
111
72
41
149
167
211
171
115
118
107
27
112
223
6
72
174
154
116
242
138
89
158
125
130
182
98
130
184
172
216
238
112
137
62
175
177
255
121
194
255
24
108
204
169
177
91
110
133
66
183
17
71
243
168
171
226
20
94
251
222
212
7
243
107
39
2
203
252
17
122
77
115
110
235
112
3
175
10
102
243
44
108
187
57
57
94
90
16
190
45
125
11
139
145
167
52
63
